-> M 
1 13 2 0 3 14 0.0 2.6 3.30781261921 5.33018358447 7.35221348128 8.06158709843 10.6615870984 11.0615870984 13.1090733908 15.2273431259 15.5351542192 17.6538267379 19.7013130676 20.1013130676 14 -3.61114964903 0.0 0.0 -3.61114964903 8.16433292043 0.0 -1.38852739191 8.16433292043 0.0 0.0 1.96748775177 0.0 1.38362086697 8.16433292043 0.0 3.6111448575 8.16433292043 0.0 3.6111448575 0.0 0.0 2.35509363897 0.0 0.0 2.19808963242 6.42745184084 0.0 0.485736386004 0.0 0.0 -0.480829861064 0.0 0.0 -2.19808963242 6.42745184084 0.0 -2.3550984305 0.0 0.0 -3.61114964903 0.0 0.0
-> arc 
3 4 0 0 3 9 2.0 2.0 2.0 3.0 4.0 5.0 6.0 6.0 6.0 7 -1.0 1.38666955996e-32 -2.49800180541e-16 -1.0 -1.599412447e-17 0.261203874964 -0.783611624891 -4.79823734099e-17 0.783611624891 -3.33920536359e-16 -6.78573232311e-17 1.10819418755 0.783611624891 -4.79823734099e-17 0.783611624891 1.0 -1.599412447e-17 0.261203874964 1.0 -3.23556230657e-32 4.99600361081e-16
-> arrow3d 
1 30 0 0 3 31 0.0 1.0 2.0 3.0 4.0 5.0 6.0 7.0 8.0 9.0 10.0 11.0 12.0 13.0 14.0 15.0 16.0 17.0 18.0 19.0 20.0 21.0 22.0 23.0 24.0 25.0 26.0 27.0 28.0 29.0 30.0 31 -0.147235049203 -0.147235049203 0.0543348349981 -0.147235049203 -0.147235049203 -0.534605361815 0.147235049203 -0.147235049203 -0.534605361815 0.147235049203 -0.147235049203 0.0543348349981 0.441705147609 -0.147235049203 0.0543348349981 -0.01055616897 -0.147235049203 0.534605361815 -0.441705147609 -0.147235049203 0.0543348349981 -0.147235049203 -0.147235049203 0.0543348349981 -0.147235049203 0.147235049203 0.0543348349981 -0.441705147609 0.147235049203 0.0543348349981 -0.00682239072484 0.147235049203 0.534605361815 0.441705147609 0.147235049203 0.0543348349981 0.147235049203 0.147235049203 0.0543348349981 0.147235049203 0.147235049203 -0.534605361815 -0.147235049203 0.147235049203 -0.534605361815 -0.147235049203 0.147235049203 0.0543348349981 -0.441705147609 0.147235049203 0.0543348349981 -0.00682239072484 0.147235049203 0.534605361815 0.441705147609 0.147235049203 0.0543348349981 0.441705147609 -0.147235049203 0.0543348349981 0.147235049203 -0.147235049203 0.0543348349981 0.147235049203 0.147235049203 0.0543348349981 0.147235049203 0.147235049203 -0.534605361815 0.147235049203 -0.147235049203 -0.534605361815 -0.147235049203 -0.147235049203 -0.534605361815 -0.147235049203 0.147235049203 -0.534605361815 -0.147235049203 0.147235049203 0.0543348349981 -0.441705147609 0.147235049203 0.0543348349981 -0.441705147609 -0.147235049203 0.0543348349981 -0.01055616897 -0.147235049203 0.534605361815 -0.00682239072484 0.147235049203 0.534605361815
-> back_arc 
3 4 0 0 3 9 0.0 0.0 0.0 1.0 2.0 3.0 4.0 4.0 4.0 7 1.98994949366 -1.11867103307e-16 -1.98994949366 1.98994949366 0.357171203541 -1.98994949366 1.77573593129 1.10131338555 -1.77573593129 1.0 1.54934330722 -1.0 0.224264068712 1.10131338555 -0.224264068712 0.0100505063388 0.357171203541 -0.0100505063388 0.0100505063388 4.89813175984e-16 -0.0100505063388
-> circle 
3 8 0 0 3 13 -2.0 -1.0 0.0 1.0 2.0 3.0 4.0 5.0 6.0 7.0 8.0 9.0 10.0 11 0.591965396066 3.62462292633e-17 -0.591965396066 0.0 5.1259909009e-17 -0.837165491572 -0.591965396066 3.62462292633e-17 -0.591965396066 -0.837165491572 1.59770989074e-32 0.0 -0.591965396066 -3.62462292633e-17 0.591965396066 0.0 -5.1259909009e-17 0.837165491572 0.591965396066 -3.62462292633e-17 0.591965396066 0.837165491572 -2.7531693462e-32 8.881784197e-16 0.591965396066 3.62462292633e-17 -0.591965396066 0.0 5.1259909009e-17 -0.837165491572 -0.591965396066 3.62462292633e-17 -0.591965396066
-> circleCross 
3 56 1 0 3 61 6.154825585 6.154825585 6.154825585 7.0 7.845174415 7.845174415 7.845174415 8.0072939414 8.0072939414 8.0072939414 9.0072939414 9.0072939414 9.0072939414 10.0072939414 10.0072939414 10.0072939414 10.1694134678 10.1694134678 10.1694134678 11.0145878828 11.8597622982 11.8597622982 11.8597622982 12.0218818246 12.0218818246 12.0218818246 13.0218818246 13.0218818246 13.0218818246 13.184001351 13.184001351 13.184001351 13.3461208774 13.3461208774 13.3461208774 14.1912952924 15.0364697074 15.0364697074 15.0364697074 15.1985892338 15.1985892338 15.1985892338 16.1985892338 16.1985892338 16.1985892338 16.3607087602 16.3607087602 16.3607087602 17.2058831752 18.0510575902 18.0510575902 18.0510575902 18.2131771166 18.2131771166 18.2131771166 19.2131771166 19.2131771166 19.2131771166 19.375296643 19.375296643 19.375296643 59 -0.121039194419 -6.07631197838e-17 0.992337053037 -0.340252065771 -5.90686124727e-17 0.964663648553 -0.761755705211 -4.6644084306e-17 0.761755705211 -0.964663648553 -2.08344301625e-17 0.340252065771 -0.992337053037 -7.41151310085e-18 0.121039194419 -1.15104920698 0.0 0.121039194081 -1.3097613608 0.0 0.121039194081 -1.46847351461 0.0 0.121039194081 -1.46847351461 0.0 0.040346398027 -1.46847351461 0.0 -0.040346398027 -1.46847351461 0.0 -0.121039194081 -1.46847351461 0.0 -0.040346398027 -1.46847351461 0.0 0.040346398027 -1.46847351461 0.0 -0.121039194081 -1.3097613608 0.0 -0.121039194081 -1.15104920698 0.0 -0.121039194081 -0.992337053172 0.0 -0.121039194081 -0.964663648553 2.08344301625e-17 -0.340252065771 -0.761755705163 4.66440843121e-17 -0.761755705311 -0.340252065572 5.90686124786e-17 -0.964663648649 -0.121039194108 6.07631197863e-17 -0.992337053076 -0.121039194081 0.0 -1.15104920698 -0.121039194081 0.0 -1.3097613608 -0.121039194081 0.0 -1.46847351461 -0.040346398027 0.0 -1.46847351461 0.040346398027 0.0 -1.46847351461 0.121039194081 0.0 -1.46847351461 0.121039194081 0.0 -1.3097613608 0.121039194081 0.0 -1.15104920698 0.121039194081 0.0 -0.992337053172 0.121039194081 0.0 -1.15104920698 0.121039194081 0.0 -1.3097613608 0.121039194419 6.07631197838e-17 -0.992337053037 0.340252065771 5.90686124727e-17 -0.964663648553 0.761755705211 4.6644084306e-17 -0.761755705211 0.964663648553 2.08344301625e-17 -0.340252065771 0.992337053037 7.41151310085e-18 -0.121039194419 1.15104920698 0.0 -0.121039194081 1.3097613608 0.0 -0.121039194081 1.46847351461 0.0 -0.121039194081 1.46847351461 0.0 -0.040346398027 1.46847351461 0.0 0.040346398027 1.46847351461 0.0 0.121039194081 1.3097613608 0.0 0.121039194081 1.15104920698 0.0 0.121039194081 0.992337053172 0.0 0.121039194081 0.964663648553 -2.08344301625e-17 0.340252065771 0.761755705211 -4.6644084306e-17 0.761755705211 0.340252065771 -5.90686124727e-17 0.964663648553 0.121039194419 -6.07631197838e-17 0.992337053037 0.121039194081 0.0 1.15104920698 0.121039194081 0.0 1.3097613608 0.121039194081 0.0 1.46847351461 0.040346398027 0.0 1.46847351461 -0.040346398027 0.0 1.46847351461 -0.121039194081 0.0 1.46847351461 -0.121039194081 0.0 1.3097613608 -0.121039194081 0.0 1.15104920698 -0.121039194081 0.0 0.992337053172
-> circleDoubleNub 
3 26 1 0 3 31 2.18898852 2.18898852 2.18898852 3.0 4.0 5.0 5.81101148 5.81101148 5.81101148 6.489237005 7.489237005 7.489237005 7.489237005 8.489237005 9.16746253 9.16746253 9.16746253 9.97847401 10.97847401 11.97847401 12.78948549 12.78948549 12.78948549 13.467711015 14.46771101 14.46771101 14.46771101 15.467711005 16.14593653 16.14593653 16.14593653 29 -0.249597372578 -2.28144664617e-18 0.967448873725 -0.241455632111 -5.52208477394e-18 1.02037251065 -0.185375551892 -1.24302264731e-17 1.13319102622 -8.43050036729e-17 -1.71319558438e-17 1.20997609395 0.185375551892 -1.24302264731e-17 1.13319102622 0.241455632111 -5.52208477394e-18 1.02037251065 0.249597372578 -2.28144664617e-18 0.967448873725 0.421380133745 -5.64838040498e-17 0.922450523516 0.81842575279 -4.28358724055e-17 0.699562885157 0.999999999997 -1.599412447e-17 0.261203874964 0.999999999997 -1.55306990715e-30 7.58837437331e-14 0.999999999997 -1.599412447e-17 -0.261203874964 0.81842575279 -4.28358724055e-17 -0.699562885157 0.421380133745 -5.64838040498e-17 -0.922450523516 0.249597372578 -2.28144664617e-18 -0.967448873725 0.241455632111 -5.52208477394e-18 -1.02037251065 0.185375551892 -1.24302264731e-17 -1.13319102622 -8.43050036729e-17 -1.71319558438e-17 -1.20997609395 -0.185375551892 -1.24302264731e-17 -1.13319102622 -0.241455632111 -5.52208477394e-18 -1.02037251065 -0.249597372578 -2.28144664617e-18 -0.967448873725 -0.421380133745 -5.64838040498e-17 -0.922450523516 -0.818425751607 -4.28358724462e-17 -0.699562885821 -0.999999998915 -1.59941246299e-17 -0.261203877576 -0.999999999997 -2.39913400851e-25 3.91813367449e-09 -0.999999998915 -1.59941246299e-17 0.261203877576 -0.818425751607 -4.28358724462e-17 0.699562885821 -0.421380133745 -5.64838040498e-17 0.922450523516 -0.249597372575 -5.92391583234e-17 0.967448873661
-> circleDoublePointer 
3 29 1 0 3 34 2.43689048094 2.43689048094 2.43689048094 3.19176511287 3.19176511287 3.19176511287 3.87378096187 4.87378096187 4.87378096187 4.87378096187 5.87378096187 6.55579681087 6.55579681087 6.55579681087 7.3106714428 7.3106714428 7.3106714428 7.310671443 7.310671443 7.310671443 8.06554607474 8.06554607474 8.06554607474 8.74756192374 9.74756192374 9.74756192374 9.74756192374 10.7475619237 11.4295777727 11.4295777727 11.4295777727 12.1844524047 12.1844524047 12.1844524047 32 0.0 0.0 1.46163157239 -0.0822387487275 0.0 1.29715407494 -0.164477497455 0.0 1.13267657748 -0.246716245774 -5.92850952248e-17 0.968199080193 -0.419585555132 -5.6545385296e-17 0.923456221587 -0.818015661764 -4.28964953193e-17 0.700552932473 -0.999999999997 -1.599412447e-17 0.261203874964 -0.999999999997 5.47580401788e-30 4.30211422042e-14 -0.999999999997 -1.599412447e-17 -0.261203874964 -0.818015661764 -4.28964953193e-17 -0.700552932473 -0.419585555132 -5.6545385296e-17 -0.923456221587 -0.246716245774 -5.92850952248e-17 -0.968199080193 -0.164477497455 0.0 -1.13267657748 -0.0822387487275 0.0 -1.29715407494 0.0 0.0 -1.46163157239 2.17885253062e-11 0.0 -1.46163157235 4.35770506124e-11 0.0 -1.4616315723 6.53655759186e-11 0.0 -1.46163157226 0.0822387487711 0.0 -1.29715407485 0.164477497477 0.0 -1.13267657744 0.246716246183 0.0 -0.968199080026 0.419585555132 -5.6545385296e-17 -0.923456221587 0.818015661764 -4.28964953193e-17 -0.700552932473 0.999999999997 -1.599412447e-17 -0.261203874964 0.999999999997 5.44344839482e-30 4.35762537165e-14 0.999999999997 -1.599412447e-17 0.261203874964 0.818015661764 -4.28964953193e-17 0.700552932473 0.419585555132 -5.6545385296e-17 0.923456221587 0.246716246183 0.0 0.968199080026 0.164477497455 0.0 1.13267657748 0.0822387487275 0.0 1.29715407494 0.0 0.0 1.46163157239
-> circleGrabber 
3 54 1 0 3 59 5.377175431 5.377175431 5.377175431 6.0 6.622824569 6.622824569 6.622824569 6.788964569 6.788964569 6.788964569 7.405704448 8.022444327 8.022444327 8.022444327 8.188584327 8.188584327 8.188584327 8.811408896 9.434233465 9.434233465 9.434233465 9.600373465 9.600373465 9.600373465 10.217113344 10.833853223 10.833853223 10.833853223 10.999993223 10.999993223 10.999993223 11.622817792 12.245642361 12.245642361 12.245642361 12.411782361 12.411782361 12.411782361 13.02852224 13.6452621189 13.6452621189 13.6452621189 13.8114021189 13.8114021189 13.8114021189 14.4342266882 15.0570512572 15.0570512572 15.0570512572 15.2231912572 15.2231912572 15.2231912572 15.8399311362 16.4566710152 16.4566710152 16.4566710152 16.6228110152 16.6228110152 16.6228110152 57 0.555860644263 1.81260056081e-17 -0.296020136102 0.603950173028 1.25596647803e-17 -0.205114891724 0.656866201677 -1.94259520833e-32 3.32449500143e-16 0.603950173028 -1.25596647803e-17 0.205114891724 0.555860644263 -1.81260056081e-17 0.296020136102 0.6886092994 0.0 0.296020136241 0.821357954513 0.0 0.296020136241 0.954106609626 0.0 0.296020136241 0.905829297182 -2.75658359225e-17 0.450184264422 0.736206781571 -4.50796639281e-17 0.736206781571 0.450184264422 -5.54660474684e-17 0.905829297182 0.296020136179 -5.8422180278e-17 0.954106609656 0.296020136241 0.0 0.821357954513 0.296020136241 0.0 0.6886092994 0.296020136241 0.0 0.555860644287 0.205114891724 -3.69812823121e-17 0.603950173028 -2.97454815917e-16 -4.02214545676e-17 0.656866201677 -0.205114891724 -3.69812823121e-17 0.603950173028 -0.296020136102 -3.40366479385e-17 0.555860644263 -0.296020136241 0.0 0.6886092994 -0.296020136241 0.0 0.821357954513 -0.296020136241 0.0 0.954106609626 -0.450184264422 -5.54660474684e-17 0.905829297182 -0.736206781571 -4.50796639281e-17 0.736206781571 -0.905829297182 -2.75658359225e-17 0.450184264422 -0.954106609656 -1.81260056127e-17 0.296020136179 -0.821357954513 0.0 0.296020136241 -0.6886092994 0.0 0.296020136241 -0.555860644287 0.0 0.296020136241 -0.603950173028 -1.25596647803e-17 0.205114891724 -0.656866201677 9.71297604167e-33 -1.66224750071e-16 -0.603950173028 1.25596647803e-17 -0.205114891724 -0.555860644263 1.81260056081e-17 -0.296020136102 -0.6886092994 0.0 -0.296020136241 -0.821357954513 0.0 -0.296020136241 -0.954106609626 0.0 -0.296020136241 -0.905829297182 2.75658359225e-17 -0.450184264422 -0.736206781585 4.50796639266e-17 -0.736206781548 -0.450184264468 5.54660474667e-17 -0.905829297155 -0.296020136254 5.84221802766e-17 -0.954106609632 -0.296020136241 0.0 -0.821357954513 -0.296020136241 0.0 -0.6886092994 -0.296020136241 0.0 -0.555860644287 -0.205114891822 3.69812823106e-17 -0.603950173002 -4.9399607334e-11 4.02214545684e-17 -0.65686620169 0.205114891724 3.69812823121e-17 -0.603950173028 0.296020136102 3.40366479385e-17 -0.555860644263 0.296020136241 0.0 -0.6886092994 0.296020136241 0.0 -0.821357954513 0.296020136241 0.0 -0.954106609626 0.450184264422 5.54660474684e-17 -0.905829297182 0.736206781571 4.50796639281e-17 -0.736206781571 0.905829297182 2.75658359225e-17 -0.450184264422 0.954106609656 1.81260056127e-17 -0.296020136179 0.821357954513 0.0 -0.296020136241 0.6886092994 0.0 -0.296020136241 0.555860644287 0.0 -0.296020136241
-> circleLiner 
3 33 0 0 3 38 0.0 0.0 0.0 1.0 2.0 3.0 4.0 5.0 6.0 7.0 8.0 9.0 10.0 11.0 12.0 13.0 14.0 15.0 16.0 17.0 18.0 19.0 20.0 21.0 22.0 23.0 24.0 25.0 26.0 27.0 28.0 29.0 30.0 31.0 32.0 33.0 33.0 33.0 36 0.0269669767412 0.00564601996205 0.559115566643 0.0269669767412 0.00564601996205 0.745169890029 0.0269669767412 0.00564601996205 0.745169890029 0.0269669767412 0.00564601996205 0.745169890029 0.391101361073 0.00564601996205 0.677407453772 0.677407453772 0.00564601996205 0.391101361073 0.782202722146 0.00564601996205 0.0 0.677407453772 0.00564601996205 -0.391101361073 0.391101361073 0.00564601996205 -0.677407453772 0.0 0.00564601996205 -0.782202722146 -0.391101361073 0.00564601996205 -0.677407453772 -0.677407453772 0.00564601996205 -0.391101361073 -0.782202722146 0.00564601996205 0.0 -0.677407453772 0.00564601996205 0.391101361073 -0.391101361073 0.00564601996205 0.677407453772 -0.0269669767412 0.00564601996205 0.745169890029 -0.0269669767412 0.00564601996205 0.745169890029 -0.0269669767412 0.00564601996205 0.745169890029 -0.0269669767412 0.00564601996205 0.559115566643 -0.0269669767412 0.00564601996205 0.559115566643 -0.0269669767412 0.00564601996205 0.559115566643 -0.293682279018 0.00564601996205 0.508673008019 -0.508673008019 0.00564601996205 0.293682279018 -0.587364558037 0.00564601996205 0.0 -0.508673008019 0.00564601996205 -0.293682279018 -0.293682279018 0.00564601996205 -0.508673008019 -0.0269669767412 0.00564601996205 -0.559115566643 0.293682279018 0.00564601996205 -0.508673008019 0.508673008019 0.00564601996205 -0.293682279018 0.587364558037 0.00564601996205 0.0 0.508673008019 0.00564601996205 0.293682279018 0.293682279018 0.00564601996205 0.508673008019 0.0269669767412 0.00564601996205 0.559115566643 0.0269669767412 0.00564601996205 0.559115566643 0.0269669767412 0.00564601996205 0.559115566643 0.0269669767412 0.00564601996205 0.559115566643
-> circleNub 
3 14 1 0 3 19 2.18898852 2.18898852 2.18898852 3.0 4.0 5.0 5.81101148 5.81101148 5.81101148 6.489237005 7.489237005 8.489237005 9.489237005 10.489237005 11.489237005 12.489237005 13.16746253 13.16746253 13.16746253 17 -0.249597372578 -2.28144664617e-18 0.967448873725 -0.241455632111 -5.52208477394e-18 1.02037251065 -0.185375551892 -1.24302264731e-17 1.13319102622 -8.43050036729e-17 -1.71319558438e-17 1.20997609395 0.185375551892 -1.24302264731e-17 1.13319102622 0.241455632111 -5.52208477394e-18 1.02037251065 0.249597372578 -2.28144664617e-18 0.967448873725 0.421380133745 -5.64838040498e-17 0.922450523516 0.81842575279 -4.28358724055e-17 0.699562885157 1.10819418755 -3.6446300679e-32 1.88737914186e-15 0.783611624891 4.79823734099e-17 -0.783611624891 -1.26431706078e-16 6.78573232311e-17 -1.10819418755 -0.783611624891 4.79823734099e-17 -0.783611624891 -1.10819418755 1.96633546162e-32 9.99200722163e-16 -0.81842575279 -4.28358724055e-17 0.699562885157 -0.421380133745 -5.64838040498e-17 0.922450523516 -0.249597372575 -5.92391583234e-17 0.967448873661
-> circlePointer 
3 14 1 0 3 19 0.0 0.0 0.0 0.682015849 1.682015849 2.682015849 3.682015849 4.682015849 5.682015849 6.682015849 7.364031698 7.364031698 7.364031698 8.11890632994 8.11890632994 8.11890632994 8.87378096187 8.87378096187 8.87378096187 17 -0.246716245774 -5.92850952248e-17 0.968199080193 -0.419585555132 -5.6545385296e-17 0.923456221587 -0.818015661764 -4.28964953193e-17 0.700552932473 -1.10819418755 1.96633546162e-32 -3.21126950724e-16 -0.783611624891 4.79823734099e-17 -0.783611624891 -1.26431706078e-16 6.78573232311e-17 -1.10819418755 0.783611624891 4.79823734099e-17 -0.783611624891 1.10819418755 -3.6446300679e-32 5.95213259928e-16 0.818015661764 -4.28964953193e-17 0.700552932473 0.419585555132 -5.6545385296e-17 0.923456221587 0.246716246183 0.0 0.968199080026 0.164477497455 0.0 1.13267657748 0.0822387487275 0.0 1.29715407494 0.0 0.0 1.46163157239 -0.0822387487275 0.0 1.29715407494 -0.164477497455 0.0 1.13267657748 -0.246716246183 0.0 0.968199080026
-> circleX 
3 8 0 0 3 13 -2.0 -1.0 0.0 1.0 2.0 3.0 4.0 5.0 6.0 7.0 8.0 9.0 10.0 11 1.26014360254e-16 0.783611624891 -0.783611624891 -6.78573232311e-17 -1.26431706078e-16 -1.10819418755 -2.21979107074e-16 -0.783611624891 -0.783611624891 -2.46068540556e-16 -1.10819418755 -3.21126950724e-16 -1.26014360254e-16 -0.783611624891 0.783611624891 6.78573232311e-17 -3.33920536359e-16 1.10819418755 2.21979107074e-16 0.783611624891 0.783611624891 2.46068540556e-16 1.10819418755 5.95213259928e-16 1.26014360254e-16 0.783611624891 -0.783611624891 -6.78573232311e-17 -1.26431706078e-16 -1.10819418755 -2.21979107074e-16 -0.783611624891 -0.783611624891
-> circleY 
3 8 0 0 3 13 -2.0 -1.0 0.0 1.0 2.0 3.0 4.0 5.0 6.0 7.0 8.0 9.0 10.0 11 0.783611624891 4.79823734099e-17 -0.783611624891 -1.26431706078e-16 6.78573232311e-17 -1.10819418755 -0.783611624891 4.79823734099e-17 -0.783611624891 -1.10819418755 1.96633546162e-32 -3.21126950724e-16 -0.783611624891 -4.79823734099e-17 0.783611624891 -3.33920536359e-16 -6.78573232311e-17 1.10819418755 0.783611624891 -4.79823734099e-17 0.783611624891 1.10819418755 -3.6446300679e-32 5.95213259928e-16 0.783611624891 4.79823734099e-17 -0.783611624891 -1.26431706078e-16 6.78573232311e-17 -1.10819418755 -0.783611624891 4.79823734099e-17 -0.783611624891
-> circleZ 
3 8 0 0 3 13 -2.0 -1.0 0.0 1.0 2.0 3.0 4.0 5.0 6.0 7.0 8.0 9.0 10.0 11 0.783611624891 0.783611624891 -1.26014360254e-16 -1.26431706078e-16 1.10819418755 -1.78211217325e-16 -0.783611624891 0.783611624891 -1.26014360254e-16 -1.10819418755 3.21126950724e-16 -5.1641152288e-32 -0.783611624891 -0.783611624891 1.26014360254e-16 -3.33920536359e-16 -1.10819418755 1.78211217325e-16 0.783611624891 -0.783611624891 1.26014360254e-16 1.10819418755 -5.95213259928e-16 9.57175924678e-32 0.783611624891 0.783611624891 -1.26014360254e-16 -1.26431706078e-16 1.10819418755 -1.78211217325e-16 -0.783611624891 0.783611624891 -1.26014360254e-16
-> circle_arrow 
3 27 0 0 3 32 0.0 0.0 0.0 1.0 2.0 3.0 4.0 5.0 6.0 7.0 8.0 9.0 10.0 11.0 12.0 13.0 14.0 15.0 16.0 17.0 18.0 19.0 20.0 20.48816077 21.0 22.0 23.0 24.0 25.0 26.0 26.0 26.0 30 -0.632088118708 0.0 1.52538091763 -0.632088118708 0.0 1.52538091763 -1.16794607849 0.0 1.16733120248 -1.52599579364 0.0 0.631473242694 -1.65172574112 0.0 -0.00061487601363 -1.52599579364 0.0 -0.632702994722 -1.16794607849 0.0 -1.16856095451 -0.632088118708 0.0 -1.52661066966 0.0 0.0 -1.65234061714 0.632088118708 0.0 -1.52661066966 1.16794607849 0.0 -1.16856095451 1.52599579364 0.0 -0.632702994722 1.65172574112 0.0 -0.00061487601363 1.52599579364 0.0 0.631473242694 1.16794607849 0.0 1.16733120248 0.632088118708 0.0 1.52538091763 0.632088118708 0.0 1.52538091763 0.632083432669 0.0 1.75506127369 0.632083432669 0.0 1.75506127369 1.04400385498 0.0 1.75506127369 1.04400385498 0.0 1.75506127369 0.04676211865 0.0 2.26461895598 0.0 0.0 2.2983009168 -0.0385219841433 0.0 2.26566973379 -1.04400385498 0.0 1.75506127369 -1.04400385498 0.0 1.75506127369 -0.632083432669 0.0 1.75506127369 -0.632083432669 0.0 1.75506127369 -0.632088118708 0.0 1.52538091763 -0.632088118708 0.0 1.52538091763
-> circle_corner 
3 12 2 0 3 17 -0.166666666667 -0.0833333333333 0.0 0.0833333333333 0.166666666667 0.25 0.333333333333 0.416666666667 0.5 0.583333333333 0.666666666667 0.75 0.833333333333 0.916666666667 1.0 1.08333333333 1.16666666667 15 0.523021940707 0.905100130631 -0.0376020868404 3.01263173947e-16 1.04615713818 -0.0434622537634 -0.523021940707 0.905100130631 -0.0376020868404 -0.905992151548 0.522785738223 -0.0217189613196 -1.0462337816 1.11148697934e-21 -1.81519598983e-05 -0.906069727022 -3.20292136279e-17 0.523076754052 -0.523124807553 -5.54792684606e-17 0.906045212371 1.06951580012e-16 -6.40648740319e-17 1.04625879195 0.523124807553 -5.54792684606e-17 0.906045212371 0.906069727022 -3.20292136279e-17 0.523076754052 1.0462337816 1.11148697922e-21 -1.81519598964e-05 0.905992151548 0.522785738223 -0.0217189613196 0.523021940707 0.905100130631 -0.0376020868404 3.01263173947e-16 1.04615713818 -0.0434622537634 -0.523021940707 0.905100130631 -0.0376020868404
-> circle_pin 
3 8 0 0 3 13 -2.0 -1.0 0.0 1.0 2.0 3.0 4.0 5.0 6.0 7.0 8.0 9.0 10.0 11 0.591965396066 3.62462292633e-17 -0.591965396066 0.0 5.1259909009e-17 -0.837165491572 -0.591965396066 3.62462292633e-17 -0.591965396066 -0.837165491572 1.59770989074e-32 0.0 -0.591965396066 -3.62462292633e-17 0.591965396066 0.0 -5.1259909009e-17 0.837165491572 0.591965396066 -3.62462292633e-17 0.591965396066 0.837165491572 -2.7531693462e-32 8.881784197e-16 0.591965396066 3.62462292633e-17 -0.591965396066 0.0 5.1259909009e-17 -0.837165491572 -0.591965396066 3.62462292633e-17 -0.591965396066
1 1 0 0 3 2 0.0 4.0 2 0.0 0.0 0.0 0.0 4.0 0.0
-> circle_pinch 
3 18 1 0 3 23 4.382903834 4.382903834 4.382903834 4.882903834 5.382903834 5.382903834 5.382903834 6.0 7.0 8.0 9.0 9.0 9.0 10.0 11.0 12.0 12.617096166 12.617096166 12.617096166 13.117096166 13.617096166 13.617096166 13.617096166 21 -1.24446564165e-11 1.45507004477e-17 1.17003588273 0.0310323848084 1.45507004477e-17 1.11734946086 0.117778322699 9.92795773341e-17 1.01665800677 0.235455266521 -5.84273012598e-17 0.973054692144 0.295752945886 -5.84273012598e-17 0.954190241635 0.450019021185 -5.54720470264e-17 0.9059272774 0.825039594122 -4.18581618289e-17 0.683595659712 1.10819418755 -3.6446300679e-32 5.95213259928e-16 0.783611624891 4.79823734099e-17 -0.783611624891 0.261203874964 6.12323399574e-17 -1.0 2.77555756156e-17 6.12323399574e-17 -1.0 -0.261203874964 6.12323399574e-17 -1.0 -0.783611624891 4.79823734099e-17 -0.783611624891 -1.10819418755 -3.6446300679e-32 5.95213259928e-16 -0.825039594122 -4.18581618289e-17 0.683595659712 -0.450019021185 -5.54720470264e-17 0.9059272774 -0.295752945886 -5.84273012598e-17 0.954190241635 -0.235455266521 -5.84273012598e-17 0.973054692144 -0.117778322699 9.92795773341e-17 1.01665800677 -0.0310323848084 1.45507004477e-17 1.11734946086 1.24446564165e-11 1.45507004477e-17 1.17003588273
-> circle_point 
3 86 0 0 3 91 0.0 0.0 0.0 1.0 1.0 1.0 2.0 2.0 2.0 3.0 3.0 3.0 4.0 4.0 4.0 5.0 5.0 5.0 6.0 6.0 6.0 7.0 8.0 8.0 8.0 9.0 9.0 9.0 10.0 10.0 10.0 11.0 11.0 11.0 12.0 12.0 12.0 13.0 13.0 13.0 14.0 14.0 14.0 15.0 16.0 16.0 16.0 17.0 17.0 17.0 18.0 18.0 18.0 19.0 19.0 19.0 20.0 20.0 20.0 21.0 21.0 21.0 22.0 22.0 22.0 23.0 24.0 24.0 24.0 25.0 25.0 25.0 26.0 26.0 26.0 27.0 27.0 27.0 28.0 28.0 28.0 29.0 29.0 29.0 30.0 30.0 30.0 31.0 32.0 32.0 32.0 89 0.0 -1.22405811004e-16 1.00192280456 0.0 -1.22405811004e-16 1.09778002775 0.0 -1.22405811004e-16 1.15222280107 0.0 -1.22405811004e-16 1.24585955247 0.0333974268187 -1.22405811004e-16 1.24585955247 0.0667948536373 -1.22405811004e-16 1.24585955247 0.100192280456 -1.22405811004e-16 1.24585955247 0.0667948536373 -1.22405811004e-16 1.31265440611 0.0333974268187 -1.22405811004e-16 1.37944925975 0.0 -1.22405811004e-16 1.44624411338 -0.0333974268187 -1.22405811004e-16 1.37944925975 -0.0667948536373 -1.22405811004e-16 1.31265440611 -0.100192280456 -1.22405811004e-16 1.24585955247 -0.0667948536373 -1.22405811004e-16 1.24585955247 -0.0333974268187 -1.22405811004e-16 1.24585955247 0.0 -1.22405811004e-16 1.24585955247 0.0 -1.22405811004e-16 1.15222280107 0.0 -1.22405811004e-16 1.09778002775 0.0 -1.22405811004e-16 1.00192280456 -0.261706118966 -1.83755888783e-16 1.00192280456 -0.785118356898 -1.7048044514e-16 0.785118356898 -1.00192280456 -1.38430689049e-16 0.261706118966 -1.00192280456 -1.22405811004e-16 -2.22471553305e-16 -1.09778002775 -1.22405811004e-16 2.43756132557e-16 -1.15222280107 -1.22405811004e-16 2.55844856649e-16 -1.24585955247 -1.22405811004e-16 2.76636392121e-16 -1.24585955247 -1.22405811004e-16 0.0333974268187 -1.24585955247 -1.22405811004e-16 0.0667948536373 -1.24585955247 -1.22405811004e-16 0.100192280456 -1.31265440611 -1.22405811004e-16 0.0667948536373 -1.37944925975 -1.22405811004e-16 0.0333974268187 -1.44624411338 -1.22405811004e-16 3.21130702781e-16 -1.37944925975 -1.22405811004e-16 -0.0333974268187 -1.31265440611 -1.22405811004e-16 -0.0667948536373 -1.24585955247 -1.22405811004e-16 -0.100192280456 -1.24585955247 -1.22405811004e-16 -0.0667948536373 -1.24585955247 -1.22405811004e-16 -0.0333974268187 -1.24585955247 -1.22405811004e-16 2.76636392121e-16 -1.15222280107 -1.22405811004e-16 2.55844856649e-16 -1.09778002775 -1.22405811004e-16 2.43756132557e-16 -1.00192280456 -1.22405811004e-16 2.22471553305e-16 -1.00192280456 -1.83755888783e-16 -0.261706118966 -0.785118356898 -1.7048044514e-16 -0.785118356898 -0.261706118966 -1.38430689049e-16 -1.00192280456 -1.97215226305e-31 -1.22405811004e-16 -1.00192280456 -6.70906376736e-16 -1.22405811004e-16 -1.09778002775 -7.04178984053e-16 -1.22405811004e-16 -1.15222280107 -7.61404923701e-16 -1.22405811004e-16 -1.24585955247 -0.0333974268187 -1.22405811004e-16 -1.24585955247 -0.0667948536373 -1.22405811004e-16 -1.24585955247 -0.100192280456 -1.22405811004e-16 -1.24585955247 -0.0667948536373 -1.22405811004e-16 -1.31265440611 -0.0333974268187 -1.22405811004e-16 -1.37944925975 -8.83869603615e-16 -1.22405811004e-16 -1.44624411338 0.0333974268187 -1.22405811004e-16 -1.37944925975 0.0667948536373 -1.22405811004e-16 -1.31265440611 0.100192280456 -1.22405811004e-16 -1.24585955247 0.0667948536373 -1.22405811004e-16 -1.24585955247 0.0333974268187 -1.22405811004e-16 -1.24585955247 -7.61404923701e-16 -1.22405811004e-16 -1.24585955247 -7.04178984053e-16 -1.22405811004e-16 -1.15222280107 -6.70906376736e-16 -1.22405811004e-16 -1.09778002775 -6.12323399574e-16 -1.22405811004e-16 -1.00192280456 0.261706118966 -1.83755888783e-16 -1.00192280456 0.785118356898 -1.7048044514e-16 -0.785118356898 1.00192280456 -1.38430689049e-16 -0.261706118966 1.00192280456 -1.22405811004e-16 9.97713977441e-17 1.09778002775 -1.22405811004e-16 -3.78195412271e-16 1.15222280107 -1.22405811004e-16 -3.96951453171e-16 1.24585955247 -1.22405811004e-16 -4.29210183433e-16 1.24585955247 -1.22405811004e-16 -0.0333974268187 1.24585955247 -1.22405811004e-16 -0.0667948536373 1.24585955247 -1.22405811004e-16 -0.100192280456 1.31265440611 -1.22405811004e-16 -0.0667948536373 1.37944925975 -1.22405811004e-16 -0.0333974268187 1.44624411338 -1.22405811004e-16 -4.98244525206e-16 1.37944925975 -1.22405811004e-16 0.0333974268187 1.31265440611 -1.22405811004e-16 0.0667948536373 1.24585955247 -1.22405811004e-16 0.100192280456 1.24585955247 -1.22405811004e-16 0.0667948536373 1.24585955247 -1.22405811004e-16 0.0333974268187 1.24585955247 -1.22405811004e-16 -4.29210183433e-16 1.15222280107 -1.22405811004e-16 -3.96951453171e-16 1.09778002775 -1.22405811004e-16 -3.78195412271e-16 1.00192280456 -1.22405811004e-16 -3.45171708864e-16 1.00192280456 -1.83755888783e-16 0.261706118966 0.785118356898 -1.7048044514e-16 0.785118356898 0.261706118966 -1.38430689049e-16 1.00192280456 6.12323399574e-16 -1.22405811004e-16 1.00192280456
-> coffee_eyes 
3 25 0 0 3 30 2.0 2.0 2.0 3.0 4.0 5.0 6.0 6.0 6.0 7.0 8.0 9.0 10.0 10.0 10.0 10.4610209757 10.4610209757 10.4610209757 11.4610209757 12.4610209757 13.4610209757 14.4610209757 14.4610209757 14.4610209757 15.4610209757 16.4610209757 17.4610209757 18.4610209757 18.4610209757 18.4610209757 28 0.542480744022 0.598067943539 -9.24446373306e-33 0.542480744022 0.525544563672 1.16626489796e-17 0.602561079083 0.380497803937 3.49879469388e-17 0.820131218685 0.290377301346 4.94804290804e-17 1.03770135829 0.380497803937 3.49879469388e-17 1.09778169335 0.525544563672 1.16626489796e-17 1.09778169335 0.598067943539 2.23407873549e-32 1.09778169335 0.670591323407 -1.16626489796e-17 1.03770135829 0.815638083141 -3.49879469388e-17 0.820131218685 0.905758585732 -4.94804290804e-17 0.602561079083 0.815638083141 -3.49879469388e-17 0.542480744022 0.670591323407 -1.16626489796e-17 0.542480744022 0.598067943539 -1.07852076886e-32 0.180870654215 0.598067943539 0.0 -0.180739435512 0.598067943539 0.0 -0.542349525239 0.598067943539 0.0 -0.542349525338 0.670591323407 -1.16626489796e-17 -0.602429860398 0.815638083141 -3.49879469388e-17 -0.82 0.905758585732 -4.94804290804e-17 -1.0375701396 0.815638083141 -3.49879469388e-17 -1.09765047466 0.670591323407 -1.16626489796e-17 -1.09765047466 0.598067943539 -1.07852076886e-32 -1.09765047466 0.525544563672 1.16626489796e-17 -1.0375701396 0.380497803937 3.49879469388e-17 -0.82 0.290377301346 4.94804290804e-17 -0.602429860398 0.380497803937 3.49879469388e-17 -0.542349525338 0.525544563672 1.16626489796e-17 -0.542349525338 0.598067943539 2.23407873549e-32
-> coffee_mouth 
3 15 0 0 3 20 0.0 0.0 0.0 0.0666666666667 0.133333333333 0.2 0.266666666667 0.333333333333 0.4 0.466666666667 0.533333333333 0.6 0.666666666667 0.733333333333 0.8 0.866666666667 0.933333333333 1.0 1.0 1.0 18 7.64639865097e-11 -0.865220981039 0.0 0.156865682233 -0.863906637595 0.0 0.466505552776 -0.832498742372 0.0 0.923644612377 -0.704460761453 0.0 1.346677739 -0.433252817738 0.0 1.56796541789 -0.0250507111756 0.0 1.02036229237 0.307730273305 0.0 0.685883372337 -0.072269831429 0.0 0.244499184049 -0.230824395822 0.0 -0.244499184051 -0.230824395829 0.0 -0.685883372339 -0.0722698314217 0.0 -1.02036229238 0.307730273299 0.0 -1.56796541789 -0.0250507111702 0.0 -1.346677739 -0.43325281774 0.0 -0.923644612378 -0.704460761456 0.0 -0.466505552777 -0.832498742362 0.0 -0.156865682234 -0.863906637614 0.0 -7.74456471311e-11 -0.865220981039 0.0
-> cross None
1 26 0 0 3 27 0.0 0.45 0.9 1.35 2.35 3.35 3.8 4.25 5.25 5.7 6.15 7.15 7.6 8.05 9.05 10.05 10.5 10.95 11.95 12.4 12.85 13.85 14.3 14.75 15.75 16.2 16.65 27 -0.1 0.0 -0.1 -0.1 0.0 -1.0 -0.1 0.0 -0.1 -1.0 0.0 -0.1 -1.0 0.0 0.1 -1.0 0.0 -0.1 -0.1 0.0 -0.1 -0.1 0.0 -1.0 0.1 0.0 -1.0 0.1 0.0 -0.1 0.1 0.0 -1.0 -0.1 0.0 -1.0 -0.1 0.0 -0.1 -1.0 0.0 -0.1 -1.0 0.0 0.1 -1.0 0.0 -0.1 -0.1 0.0 -0.1 -0.1 0.0 -1.0 0.1 0.0 -1.0 0.1 0.0 -0.1 1.0 0.0 -0.1 1.0 0.0 0.1 0.1 0.0 0.1 0.1 0.0 1.0 -0.1 0.0 1.0 -0.1 0.0 0.1 -1.0 0.0 0.1
-> cube 
1 15 0 0 3 16 0.0 1.0 2.0 3.0 4.0 5.0 6.0 7.0 8.0 9.0 10.0 11.0 12.0 13.0 14.0 15.0 16 0.5 -0.5 0.5 0.5 0.5 0.5 0.5 0.5 -0.5 0.5 -0.5 -0.5 0.5 -0.5 0.5 -0.5 -0.5 0.5 -0.5 -0.5 -0.5 0.5 -0.5 -0.5 0.5 0.5 -0.5 -0.5 0.5 -0.5 -0.5 -0.5 -0.5 -0.5 -0.5 0.5 -0.5 0.5 0.5 -0.5 0.5 -0.5 -0.5 0.5 0.5 0.5 0.5 0.5
-> cube_locator 
3 1 0 0 3 6 0.0 0.0 0.0 1.0 1.0 1.0 4 3.0 0.0 0.0 1.0 0.0 0.0 -1.0 0.0 0.0 -3.0 0.0 0.0
3 1 0 0 3 6 0.0 0.0 0.0 1.0 1.0 1.0 4 6.66133814775e-16 3.0 0.0 2.22044604925e-16 1.0 0.0 -2.22044604925e-16 -1.0 0.0 -6.66133814775e-16 -3.0 0.0
3 1 0 0 3 6 0.0 0.0 0.0 1.0 1.0 1.0 4 -6.66133814775e-16 1.66533453694e-16 -3.0 -2.22044604925e-16 5.55111512313e-17 -1.0 2.22044604925e-16 -5.55111512313e-17 1.0 6.66133814775e-16 -1.66533453694e-16 3.0
1 15 0 0 3 16 0.0 1.0 2.0 3.0 4.0 5.0 6.0 7.0 8.0 9.0 10.0 11.0 12.0 13.0 14.0 15.0 16 0.5 -0.5 0.5 0.5 0.5 0.5 0.5 0.5 -0.5 0.5 -0.5 -0.5 0.5 -0.5 0.5 -0.5 -0.5 0.5 -0.5 -0.5 -0.5 0.5 -0.5 -0.5 0.5 0.5 -0.5 -0.5 0.5 -0.5 -0.5 -0.5 -0.5 -0.5 -0.5 0.5 -0.5 0.5 0.5 -0.5 0.5 -0.5 -0.5 0.5 0.5 0.5 0.5 0.5
-> cube_point None
1 15 0 0 3 16 0.0 1.0 2.0 3.0 4.0 5.0 6.0 7.0 8.0 9.0 10.0 11.0 12.0 13.0 14.0 15.0 16 0.100349946242 -0.5 0.100349946242 0.5 0.5 0.5 0.5 0.5 -0.5 0.100349946242 -0.5 -0.100349946242 0.100349946242 -0.5 0.100349946242 -0.100349946242 -0.5 0.100349946242 -0.100349946242 -0.5 -0.100349946242 0.100349946242 -0.5 -0.100349946242 0.5 0.5 -0.5 -0.5 0.5 -0.5 -0.100349946242 -0.5 -0.100349946242 -0.100349946242 -0.5 0.100349946242 -0.5 0.5 0.5 -0.5 0.5 -0.5 -0.5 0.5 0.5 0.5 0.5 0.5
-> cylinder 
3 1 0 0 3 6 0.0 0.0 0.0 1.0 1.0 1.0 4 0.0 1.0 1.0 0.0 0.666666666667 1.0 0.0 0.333333333333 1.0 0.0 0.0 1.0
3 8 2 0 3 13 -2.0 -1.0 0.0 1.0 2.0 3.0 4.0 5.0 6.0 7.0 8.0 9.0 10.0 11 0.783611624891 1.0 -0.783611624891 -1.26431706078e-16 1.0 -1.10819418755 -0.783611624891 1.0 -0.783611624891 -1.10819418755 1.0 -3.21126950724e-16 -0.783611624891 1.0 0.783611624891 -3.33920536359e-16 1.0 1.10819418755 0.783611624891 1.0 0.783611624891 1.10819418755 1.0 5.95213259928e-16 0.783611624891 1.0 -0.783611624891 -1.26431706078e-16 1.0 -1.10819418755 -0.783611624891 1.0 -0.783611624891
3 8 2 0 3 13 -2.0 -1.0 0.0 1.0 2.0 3.0 4.0 5.0 6.0 7.0 8.0 9.0 10.0 11 0.783611624891 4.79823734099e-17 -0.783611624891 -1.26431706078e-16 6.78573232311e-17 -1.10819418755 -0.783611624891 4.79823734099e-17 -0.783611624891 -1.10819418755 1.96633546162e-32 -3.21126950724e-16 -0.783611624891 -4.79823734099e-17 0.783611624891 -3.33920536359e-16 -6.78573232311e-17 1.10819418755 0.783611624891 -4.79823734099e-17 0.783611624891 1.10819418755 -3.6446300679e-32 5.95213259928e-16 0.783611624891 4.79823734099e-17 -0.783611624891 -1.26431706078e-16 6.78573232311e-17 -1.10819418755 -0.783611624891 4.79823734099e-17 -0.783611624891
3 1 0 0 3 6 0.0 0.0 0.0 1.0 1.0 1.0 4 0.0 1.0 -1.0 0.0 0.666666666667 -1.0 0.0 0.333333333333 -1.0 0.0 0.0 -1.0
-> diamond 
1 4 0 0 3 5 0.0 1.0 2.0 3.0 4.0 5 -0.680481221416 0.0 0.0 0.0 0.0 -0.372835219811 0.680481221416 0.0 0.0 0.0 0.0 0.372835219811 -0.680481221416 0.0 0.0
-> fx 
1 20 0 0 3 21 0.0 1.0 2.0 3.0 4.0 5.0 6.0 7.0 8.0 9.0 10.0 11.0 12.0 13.0 14.0 15.0 16.0 17.0 18.0 19.0 20.0 21 -4.65 0.0 0.0 -6.75 3.74407171932e-11 0.0 -6.75 8.0 0.0 1.41093842985 8.0 0.0 2.60000076295 5.9 0.0 3.82656366827 8.0 0.0 6.35 8.0 0.0 3.75 4.26718852522 0.0 6.75 0.0 0.0 4.48702113689 -1.19666596632e-08 0.0 2.58906309602 2.60000000003 0.0 0.557544706584 -1.38364484314e-08 0.0 -1.75 0.0 0.0 1.45 4.26718852522 0.0 0.03409408 6.3000000119 0.0 -4.65 6.3 0.0 -4.65 4.9 0.0 -2.45 4.9 0.0 -2.45 3.2 0.0 -4.65 3.2 0.0 -4.65 0.0 0.0
-> gear 
3 97 1 0 3 102 0.0 0.0 0.0 0.0279841174983 0.0279841174983 0.0279841174983 0.0468856389811 0.0468856389811 0.0468856389811 0.0781143570669 0.0781143570669 0.0781143570669 0.0970158786806 0.0970158786806 0.0970158786806 0.152984114137 0.152984114137 0.152984114137 0.171885635775 0.171885635775 0.171885635775 0.203114354117 0.203114354117 0.203114354117 0.222015875886 0.222015875886 0.222015875886 0.277984111801 0.277984111801 0.277984111801 0.296885633594 0.296885633594 0.296885633594 0.328114352193 0.328114352193 0.328114352193 0.347015874117 0.347015874117 0.347015874117 0.402984110492 0.402984110492 0.402984110492 0.42188563244 0.42188563244 0.42188563244 0.453114351295 0.453114351295 0.453114351295 0.472015873374 0.472015873374 0.472015873374 0.527984110208 0.527984110208 0.527984110208 0.546885632312 0.546885632312 0.546885632312 0.578114351423 0.578114351423 0.578114351423 0.597015873657 0.597015873657 0.597015873657 0.652984110951 0.652984110951 0.652984110951 0.67188563321 0.67188563321 0.67188563321 0.703114352577 0.703114352577 0.703114352577 0.722015874967 0.722015874967 0.722015874967 0.77798411272 0.77798411272 0.77798411272 0.796885635134 0.796885635134 0.796885635134 0.828114354758 0.828114354758 0.828114354758 0.847015877302 0.847015877302 0.847015877302 0.902984115515 0.902984115515 0.902984115515 0.921885638084 0.921885638084 0.921885638084 0.953114357964 0.953114357964 0.953114357964 0.972015880664 0.972015880664 0.972015880664 1.0 1.0 1.0 100 -1.0 -3.23556230657e-32 -6.22065040996e-16 -1.0 3.73756903136e-18 0.0610391344502 -0.994091715054 7.47513806271e-18 0.1220782689 -0.982679534279 0.0 0.182141121635 -1.05318560287 0.0 0.229675426616 -1.12369167146 0.0 0.277209731598 -1.19419773996 1.98848372766e-17 0.324744037064 -1.1663290885 2.60756466304e-17 0.42584762641 -1.12583895196 3.20612203313e-17 0.523599463186 -1.07405403049 0.0 0.614796609657 -0.990586881879 0.0 0.598553119832 -0.907119733271 0.0 0.582309630006 -0.823652584641 3.46615543384e-17 0.566066140255 -0.75485014458 4.08509781431e-17 0.667147101867 -0.667718994495 4.62562589936e-17 0.755422037208 -0.566066140181 0.0 0.823652584663 -0.582309630006 0.0 0.907119733271 -0.598553119832 0.0 0.990586881879 -0.614796609244 1.98848372766e-17 1.07405403076 -0.523599463186 2.60756466304e-17 1.12583895196 -0.42584762641 3.20612203313e-17 1.1663290885 -0.32474403658 0.0 1.19419774006 -0.277209731598 0.0 1.12369167146 -0.229675426616 0.0 1.05318560287 -0.182141121567 3.46615543384e-17 0.982679534316 -0.0620154162334 4.08509781431e-17 1.00550389579 0.0620154162334 4.62562589936e-17 1.0063126741 0.182141121635 0.0 0.982679534279 0.229675426616 0.0 1.05318560287 0.277209731598 0.0 1.12369167146 0.324744037064 1.98848372766e-17 1.19419773996 0.42584762641 2.60756466304e-17 1.1663290885 0.523599463186 3.20612203313e-17 1.12583895196 0.614796609657 0.0 1.07405403049 0.598553119832 0.0 0.990586881879 0.582309630006 0.0 0.907119733271 0.566066140255 3.46615543384e-17 0.823652584641 0.667147101867 4.08509781431e-17 0.75485014458 0.755422037208 4.62562589936e-17 0.667718994495 0.823652584663 0.0 0.566066140181 0.907119733271 0.0 0.582309630006 0.990586881879 0.0 0.598553119832 1.07405403076 1.98848372766e-17 0.614796609244 1.12583895196 2.60756466304e-17 0.523599463186 1.1663290885 3.20612203313e-17 0.42584762641 1.19419774006 0.0 0.32474403658 1.12369167146 0.0 0.277209731598 1.05318560287 0.0 0.229675426616 0.982679534316 3.46615543384e-17 0.182141121567 1.00550389579 4.08509781431e-17 0.0620154162334 1.0063126741 4.62562589936e-17 -0.0620154162334 0.982679534279 0.0 -0.182141121635 1.05318560287 0.0 -0.229675426616 1.12369167146 0.0 -0.277209731598 1.19419773996 1.98848372766e-17 -0.324744037064 1.1663290885 2.60756466304e-17 -0.42584762641 1.12583895196 3.20612203313e-17 -0.523599463186 1.07405403049 0.0 -0.614796609657 0.990586881879 0.0 -0.598553119832 0.907119733271 0.0 -0.582309630006 0.823652584641 3.46615543384e-17 -0.566066140255 0.75485014458 4.08509781431e-17 -0.667147101867 0.667718994495 4.62562589936e-17 -0.755422037208 0.566066140181 0.0 -0.823652584663 0.582309630006 0.0 -0.907119733271 0.598553119832 0.0 -0.990586881879 0.614796609244 1.98848372766e-17 -1.07405403076 0.523599463186 2.60756466304e-17 -1.12583895196 0.42584762641 3.20612203313e-17 -1.1663290885 0.32474403658 0.0 -1.19419774006 0.277209731598 0.0 -1.12369167146 0.229675426616 0.0 -1.05318560287 0.182141121567 3.46615543384e-17 -0.982679534316 0.0620154162334 4.08509781431e-17 -1.00550389579 -0.0620154162334 4.62562589936e-17 -1.0063126741 -0.182141121635 0.0 -0.982679534279 -0.229675426616 0.0 -1.05318560287 -0.277209731598 0.0 -1.12369167146 -0.324744037064 1.98848372766e-17 -1.19419773996 -0.42584762641 2.60756466304e-17 -1.1663290885 -0.523599463186 3.20612203313e-17 -1.12583895196 -0.614796609657 0.0 -1.07405403049 -0.598553119832 0.0 -0.990586881879 -0.582309630006 0.0 -0.907119733271 -0.566066140255 3.46615543384e-17 -0.823652584641 -0.667147101867 4.08509781431e-17 -0.75485014458 -0.755422037208 4.62562589936e-17 -0.667718994495 -0.823652584663 0.0 -0.566066140181 -0.907119733271 0.0 -0.582309630006 -0.990586881879 0.0 -0.598553119832 -1.07405403076 1.98848372766e-17 -0.614796609244 -1.12583895196 2.60756466304e-17 -0.523599463186 -1.1663290885 3.20612203313e-17 -0.42584762641 -1.19419774006 0.0 -0.32474403658 -1.12369167146 0.0 -0.277209731598 -1.05318560287 0.0 -0.229675426616 -0.982679534316 3.46615543384e-17 -0.182141121567 -0.994091715054 3.77562662408e-17 -0.1220782689 -1.0 4.06549424046e-17 -0.0610391344502 -1.0 4.32978028118e-17 -9.43689570931e-16
-> gearPoint 
3 100 1 0 3 105 0.0 0.0 0.0 1.03349713022 1.03349713022 1.03349713022 1.05239865201 1.05239865201 1.05239865201 1.08362737061 1.08362737061 1.08362737061 1.10252889253 1.10252889253 1.10252889253 1.15849712891 1.15849712891 1.15849712891 1.17739865086 1.17739865086 1.17739865086 1.20862736971 1.20862736971 1.20862736971 1.22752889179 1.22752889179 1.22752889179 1.28349712862 1.28349712862 1.28349712862 1.30239865073 1.30239865073 1.30239865073 1.33362736984 1.33362736984 1.33362736984 1.35252889207 1.35252889207 1.35252889207 1.40849712937 1.40849712937 1.40849712937 1.42739865163 1.42739865163 1.42739865163 1.45862737099 1.45862737099 1.45862737099 1.47752889338 1.47752889338 1.47752889338 2.5110260236 2.5110260236 2.5110260236 3.54452315381 3.54452315381 3.54452315381 3.5634246762 3.5634246762 3.5634246762 3.59465339557 3.59465339557 3.59465339557 3.61355491783 3.61355491783 3.61355491783 3.66952315512 3.66952315512 3.66952315512 3.68842467736 3.68842467736 3.68842467736 3.71965339647 3.71965339647 3.71965339647 3.73855491857 3.73855491857 3.73855491857 3.79452315541 3.79452315541 3.79452315541 3.81342467749 3.81342467749 3.81342467749 3.84465339634 3.84465339634 3.84465339634 3.86355491829 3.86355491829 3.86355491829 3.91952315466 3.91952315466 3.91952315466 3.93842467659 3.93842467659 3.93842467659 3.96965339519 3.96965339519 3.96965339519 3.98855491698 3.98855491698 3.98855491698 5.0220520472 5.0220520472 5.0220520472 103 0.0 0.0 1.61677672695 0.0607137072117 0.0 1.40541099606 0.121427414423 0.0 1.19404526517 0.182141121635 0.0 0.982679534279 0.229675426616 0.0 1.05318560287 0.277209731598 0.0 1.12369167146 0.324744037064 1.98848372766e-17 1.19419773996 0.42584762641 2.60756466304e-17 1.1663290885 0.523599463186 3.20612203313e-17 1.12583895196 0.614796609657 0.0 1.07405403049 0.598553119832 0.0 0.990586881879 0.582309630006 0.0 0.907119733271 0.566066140255 3.46615543384e-17 0.823652584641 0.667147101867 4.08509781431e-17 0.75485014458 0.755422037208 4.62562589936e-17 0.667718994495 0.823652584663 0.0 0.566066140181 0.907119733271 0.0 0.582309630006 0.990586881879 0.0 0.598553119832 1.07405403076 1.98848372766e-17 0.614796609244 1.12583895196 2.60756466304e-17 0.523599463186 1.1663290885 3.20612203313e-17 0.42584762641 1.19419774006 0.0 0.32474403658 1.12369167146 0.0 0.277209731598 1.05318560287 0.0 0.229675426616 0.982679534316 3.46615543384e-17 0.182141121567 1.00550389579 4.08509781431e-17 0.0620154162334 1.0063126741 4.62562589936e-17 -0.0620154162334 0.982679534279 0.0 -0.182141121635 1.05318560287 0.0 -0.229675426616 1.12369167146 0.0 -0.277209731598 1.19419773996 1.98848372766e-17 -0.324744037064 1.1663290885 2.60756466304e-17 -0.42584762641 1.12583895196 3.20612203313e-17 -0.523599463186 1.07405403049 0.0 -0.614796609657 0.990586881879 0.0 -0.598553119832 0.907119733271 0.0 -0.582309630006 0.823652584641 3.46615543384e-17 -0.566066140255 0.75485014458 4.08509781431e-17 -0.667147101867 0.667718994495 4.62562589936e-17 -0.755422037208 0.566066140181 0.0 -0.823652584663 0.582309630006 0.0 -0.907119733271 0.598553119832 0.0 -0.990586881879 0.614796609244 1.98848372766e-17 -1.07405403076 0.523599463186 2.60756466304e-17 -1.12583895196 0.42584762641 3.20612203313e-17 -1.1663290885 0.32474403658 0.0 -1.19419774006 0.277209731598 0.0 -1.12369167146 0.229675426616 0.0 -1.05318560287 0.182141121635 0.0 -0.982679534279 0.121427414423 0.0 -1.19404526517 0.0607137072117 0.0 -1.40541099606 0.0 0.0 -1.61677672695 -0.0607137072117 0.0 -1.40541099606 -0.121427414423 0.0 -1.19404526517 -0.182141121635 0.0 -0.982679534279 -0.229675426616 0.0 -1.05318560287 -0.277209731598 0.0 -1.12369167146 -0.32474403658 0.0 -1.19419774006 -0.42584762641 3.20612203313e-17 -1.1663290885 -0.523599463186 2.60756466304e-17 -1.12583895196 -0.614796609244 1.98848372766e-17 -1.07405403076 -0.598553119832 0.0 -0.990586881879 -0.582309630006 0.0 -0.907119733271 -0.566066140181 0.0 -0.823652584663 -0.667718994495 4.62562589936e-17 -0.755422037208 -0.75485014458 4.08509781431e-17 -0.667147101867 -0.823652584641 3.46615543384e-17 -0.566066140255 -0.907119733271 0.0 -0.582309630006 -0.990586881879 0.0 -0.598553119832 -1.07405403049 0.0 -0.614796609657 -1.12583895196 3.20612203313e-17 -0.523599463186 -1.1663290885 2.60756466304e-17 -0.42584762641 -1.19419773996 1.98848372766e-17 -0.324744037064 -1.12369167146 0.0 -0.277209731598 -1.05318560287 0.0 -0.229675426616 -0.982679534279 0.0 -0.182141121635 -1.0063126741 4.62562589936e-17 -0.0620154162334 -1.00550389579 4.08509781431e-17 0.0620154162334 -0.982679534316 3.46615543384e-17 0.182141121567 -1.05318560287 0.0 0.229675426616 -1.12369167146 0.0 0.277209731598 -1.19419774006 0.0 0.32474403658 -1.1663290885 3.20612203313e-17 0.42584762641 -1.12583895196 2.60756466304e-17 0.523599463186 -1.07405403076 1.98848372766e-17 0.614796609244 -0.990586881879 0.0 0.598553119832 -0.907119733271 0.0 0.582309630006 -0.823652584663 0.0 0.566066140181 -0.755422037208 4.62562589936e-17 0.667718994495 -0.667147101867 4.08509781431e-17 0.75485014458 -0.566066140255 3.46615543384e-17 0.823652584641 -0.582309630006 0.0 0.907119733271 -0.598553119832 0.0 0.990586881879 -0.614796609657 0.0 1.07405403049 -0.523599463186 3.20612203313e-17 1.12583895196 -0.42584762641 2.60756466304e-17 1.1663290885 -0.324744037064 1.98848372766e-17 1.19419773996 -0.277209731598 0.0 1.12369167146 -0.229675426616 0.0 1.05318560287 -0.182141121635 0.0 0.982679534279 -0.121427414423 0.0 1.19404526517 -0.0607137072117 0.0 1.40541099606 0.0 0.0 1.61677672695
-> glasses 
3 1 0 0 3 6 0.0 0.0 0.0 1.0 1.0 1.0 4 -1.0 0.0 -1.0 -0.333333322941 -0.0 -1.0 0.333333322941 0.0 -1.0 1.0 0.0 -1.0
3 8 2 0 3 13 -2.0 -1.0 0.0 1.0 2.0 3.0 4.0 5.0 6.0 7.0 8.0 9.0 10.0 11 -0.429318457615 3.49441662107e-17 -0.570681542385 -1.0 4.9418513781e-17 -0.807065577037 -1.57068154239 3.49441662107e-17 -0.570681542385 -1.80706557704 1.43202489401e-32 -2.33867413039e-16 -1.57068154239 -3.49441662107e-17 0.570681542385 -1.0 -4.9418513781e-17 0.807065577037 -0.429318457615 -3.49441662107e-17 0.570681542385 -0.192934422963 -2.65427801542e-32 4.33476495797e-16 -0.429318457615 3.49441662107e-17 -0.570681542385 -1.0 4.9418513781e-17 -0.807065577037 -1.57068154239 3.49441662107e-17 -0.570681542385
3 8 2 0 3 13 -2.0 -1.0 0.0 1.0 2.0 3.0 4.0 5.0 6.0 7.0 8.0 9.0 10.0 11 1.57068154239 3.49441662107e-17 -0.570681542385 1.0 4.9418513781e-17 -0.807065577037 0.429318457615 3.49441662107e-17 -0.570681542385 0.192934422963 1.43202489401e-32 -2.33867413039e-16 0.429318457615 -3.49441662107e-17 0.570681542385 1.0 -4.9418513781e-17 0.807065577037 1.57068154239 -3.49441662107e-17 0.570681542385 1.80706557704 -2.65427801542e-32 4.33476495797e-16 1.57068154239 3.49441662107e-17 -0.570681542385 1.0 4.9418513781e-17 -0.807065577037 0.429318457615 3.49441662107e-17 -0.570681542385
-> halfCircleLiner 
3 20 0 0 3 25 0.0 0.0 0.0 1.0 2.0 3.0 4.0 5.0 6.0 7.0 8.0 9.0 10.0 11.0 12.0 13.0 14.0 15.0 16.0 17.0 18.0 19.0 20.0 20.0 20.0 23 0.987022582775 5.28134499062e-16 -0.0906778935323 0.951216406448 0.0 -0.504115751266 0.64230867706 0.0 -0.835663236579 0.228539846721 0.0 -1.01966014323 -0.228539846721 0.0 -1.01966014323 -0.640354594312 0.0 -0.835663236579 -0.92534112405 0.0 -0.504115751266 -0.986751362987 -2.64067249531e-16 -0.0906778935323 -0.986751362987 -2.64067249531e-16 -0.0906778935323 -0.986751362987 -2.64067249531e-16 -0.0906778935323 -1.15488892638 -2.64067249531e-16 -0.0949243536868 -1.15488892638 -2.64067249531e-16 -0.0949243536868 -1.15488892638 -2.64067249531e-16 -0.0949243536868 -1.07682906584 -2.64067249531e-16 -0.558102517573 -0.745188056457 0.0 -0.943929031895 -0.265954382586 0.0 -1.15805003976 0.265954382586 0.0 -1.15805003976 0.745188056457 0.0 -0.943929031895 1.07682906584 5.28134499062e-16 -0.558102517573 1.15516248427 5.28134499062e-16 -0.0949243536868 1.15516248427 5.28134499062e-16 -0.0949243536868 1.15516248427 5.28134499062e-16 -0.0949243536868 0.987022582775 5.28134499062e-16 -0.0906778935323
-> halfMoonHandle 
3 21 0 0 3 26 0.0 0.0 0.0 1.0 2.0 3.0 4.0 5.0 6.0 7.0 8.0 9.0 10.0 11.0 12.0 13.0 14.0 15.0 16.0 17.0 18.0 19.0 20.0 21.0 21.0 21.0 24 -1.04153062845 -3.36568740973e-06 -0.635717284933 -1.0830022919 -3.47344032037e-06 -0.0528918015788 -0.937908753944 -3.09645394604e-06 0.406191514948 -0.541502226379 -2.06649863788e-06 0.742262271791 -0.0469772717736 -7.81609094929e-07 0.82334636554 -0.0469772717736 -7.81609094929e-07 0.82334636554 -0.046911656908 0.0305250513346 0.997685174421 -0.0468493568967 -0.105565324899 1.11354975902 -0.110297189138 0.0483727892222 1.20904714453 -0.110297189135 0.0385481215025 1.30159769109 -1.45356947812e-07 0.0259981408831 1.3478722075 0.110296898418 0.0385486946567 1.30159769108 0.110296898415 0.0483733623764 1.20904714452 0.0468496477198 -0.105565081447 1.11354975902 0.0469114981501 0.0305252951087 0.997685174417 0.0469771161338 -5.37493991307e-07 0.823346365537 0.0469771161338 -5.37493991307e-07 0.823346365537 0.541502070734 7.47395551642e-07 0.742262271753 0.937908598276 1.7773508598e-06 0.406191514883 1.0830021362 2.15433723413e-06 -0.0528918016535 1.04153047272 2.04658430945e-06 -0.635717285005 1.04153047272 2.04658430945e-06 -0.635717285005 1.04153047272 2.04658430945e-06 -0.635717285005 -1.04153062845 -3.36568740973e-06 -0.635717284933
-> inOut 
1 13 0 0 3 14 1.0 2.0 3.0 4.0 5.0 6.0 7.0 8.0 9.0 10.0 11.0 12.0 13.0 14.0 14 -0.0970927925527 0.0 -0.00422979038193 -0.0949937684422 0.0 -0.241312884989 -0.284981305327 0.0 -0.241312884989 -0.00114888012887 0.0 -0.621287958757 0.284981305327 0.0 -0.241312884989 0.0949937684422 0.0 -0.241312884989 0.0949937684422 0.0 0.00341269379156 0.0949937684422 0.0 0.241312884989 0.284981305327 0.0 0.241312884989 -0.00114888012887 0.0 0.621287958757 -0.284981305327 0.0 0.241312884989 -0.0949937684422 0.0 0.241312884989 -0.0970927925527 0.0 0.00422979038193 -0.0970927925527 0.0 -0.00422979038193
-> lift 
1 10 2 0 3 11 0.0 1.0 1.25 1.5 2.2071067812 2.4571067812 3.4571067812 3.7071067812 4.4142135624 5.1213203436 5.3713203436 11 -1.0 0.0 1.0 1.0 0.0 1.0 1.0 0.0 0.5 1.0 0.499999999996 0.0 1.0 0.0 -0.5 1.0 0.0 -1.0 -1.0 0.0 -1.0 -1.0 0.0 -0.5 -1.0 0.499999999996 -4.26675361709e-12 -1.0 -1.37790612253e-11 0.500000000014 -1.0 0.0 1.0
-> lightbulb 
3 63 0 0 3 68 -0.125 -0.0625 0.0 0.07168688509 1.0 2.0 3.0 4.0 5.0 6.0 7.0 8.0 9.0 10.0 11.0 12.0 13.0 14.0 15.0 16.0 17.0 18.0 19.0 20.0 21.0 22.0 23.0 24.0 25.0 26.0 27.0 28.0 29.0 30.0 31.0 32.0 33.0 34.0 35.0 36.0 37.0 38.0 39.0 40.0 41.0 42.0 43.0 44.0 45.0 46.0 47.0 48.0 49.0 50.0 51.0 52.0 53.0 54.0 55.0 56.0 57.0 58.0 59.0 59.0625 59.125 59.1875 59.2591868851 60.1875 66 0.151564977448 0.0 0.423155460502 0.20886907991 0.0 0.390749630434 0.260267282386 0.0 0.174286685913 0.477800718343 0.0 0.0494907350852 0.557710203519 0.0 -0.400000119029 0.275261791967 0.0 -0.719909750589 -0.0255830368587 0.0 -0.778629064538 -0.360112465576 0.0 -0.674408607045 -0.557710203519 0.0 -0.236268683134 -0.226289009457 0.0 0.16800493873 -0.220014116984 0.0 0.408423845704 -0.076749110576 0.0 0.469823134165 0.138148399037 0.0 0.459589919421 0.179081258011 0.0 0.480056348908 0.168848043267 0.0 0.510755993139 0.076749110576 0.0 0.520989207882 -0.107448754806 0.0 0.510755993139 -0.138148399037 0.0 0.541455637369 -0.11768196955 0.0 0.5721552816 0.107448754806 0.0 0.5721552816 0.155647983444 0.0 0.567347723422 0.175580185436 0.0 0.585286705215 0.16561408444 0.0 0.615185008203 -0.0915113212575 0.0 0.607212127406 -0.123402844445 0.0 0.625151109199 -0.113436743449 0.0 0.64707653139 -0.0954977616559 0.0 0.653056191988 0.151661543045 0.0 0.649069751589 0.171593745037 0.0 0.665015513183 0.167607304639 0.0 0.686940935374 0.133722561253 0.0 0.694913816171 -0.0775587798631 0.0 0.686940935374 -0.0954977616559 0.0 0.694913816171 -0.10945030305 0.0 0.720825678761 -0.103470642453 0.0 0.728798559557 -0.0715791192655 0.0 0.740757880753 -0.064597175266 0.0 0.738764660553 -0.0626039550668 0.0 0.738764660553 -0.0586175146684 0.0 0.738764660553 -0.0466581934731 0.0 0.758696862546 -0.0327056520787 0.0 0.778629064538 -0.0327056520787 0.0 0.778629064538 0.116785862862 0.0 0.776635844338 0.119403346302 0.0 0.777496088465 0.119403346302 0.0 0.777496088465 0.142045128755 0.0 0.73645785777 0.143460240158 0.0 0.73645785777 0.167517134014 0.0 0.73221252356 0.194404250676 0.0 0.712400963914 0.208555364709 0.0 0.671362733219 0.190158916466 0.0 0.641645393751 0.173177579627 0.0 0.634569836734 0.173177579627 0.0 0.634569836734 0.197234473483 0.0 0.610512942878 0.205725141902 0.0 0.583625826216 0.190158916466 0.0 0.548248041134 0.161856688401 0.0 0.539757372715 0.161856688401 0.0 0.539757372715 0.200064696289 0.0 0.511455144649 0.209970476112 0.0 0.471832025357 0.188743805063 0.0 0.446360020098 0.142045128755 0.0 0.433226017387 0.143637129083 0.0 0.433673767479 0.151564977448 0.0 0.423155460502 0.20886907991 0.0 0.390749630434 0.260267282386 0.0 0.174286685913
-> lightning 
1 10 0 0 3 11 0.0 1.0 2.0 3.0 4.0 5.0 7.0 10.0 11.0 12.0 13.0 11 -0.289699449063 0.0 -0.247095217974 -0.0158017881307 0.0 -0.635031106855 0.289699449063 0.0 -0.246174442135 0.131681567756 0.0 -0.245253666297 0.22649229654 0.0 0.0918511471583 0.0474053643922 0.0 0.0918511471583 0.134641149382 0.0 0.635031106855 -0.173819669438 0.0 -0.0612057064034 -0.0158017881307 0.0 -0.0602386150685 -0.110612516915 0.0 -0.243412114621 -0.289699449063 0.0 -0.247095217974
-> line 
3 4 0 0 3 9 0.0 0.0 0.0 0.333333333333 0.5 0.666666666667 0.833333333333 0.833333333333 0.833333333333 7 -1.0 0.0 0.0 -0.666666667754 0.0 0.0 -0.333333332899 0.0 0.0 -1.00616064537e-15 0.0 0.0 0.333333332899 0.0 0.0 0.666666667754 0.0 0.0 1.0 0.0 0.0
-> octogon 
1 8 0 0 3 9 0.0 1.0 2.0 3.0 4.0 5.0 6.0 7.0 8.0 9 -3.01196323796e-16 -6.12073055545e-17 0.999591157174 0.706817685652 -4.32801008157e-17 0.706817685652 0.999591157174 -3.28745632125e-32 5.36882360455e-16 0.706817685652 4.32801008157e-17 -0.706817685652 -1.14041398883e-16 6.12073055545e-17 -0.999591157174 -0.706817685652 4.32801008157e-17 -0.706817685652 -0.999591157174 1.77363458638e-32 -2.89656509553e-16 -0.706817685652 -4.32801008157e-17 0.706817685652 -3.01196323796e-16 -6.12073055545e-17 0.999591157174
-> outwardCirclePointer 
3 88 0 0 3 93 0.0 0.0 0.0 1.0 2.0 3.0 4.0 5.0 6.0 7.0 8.0 9.0 10.0 11.0 12.0 13.0 14.0 15.0 16.0 17.0 18.0 19.0 20.0 21.0 22.0 23.0 24.0 25.0 26.0 27.0 28.0 29.0 30.0 31.0 32.0 33.0 34.0 35.0 36.0 37.0 38.0 39.0 40.0 41.0 42.0 43.0 44.0 45.0 46.0 47.0 48.0 49.0 50.0 51.0 52.0 53.0 54.0 55.0 56.0 57.0 58.0 59.0 60.0 61.0 62.0 63.0 64.0 65.0 66.0 67.0 68.0 69.0 70.0 71.0 72.0 73.0 74.0 75.0 76.0 77.0 78.0 79.0 80.0 81.0 82.0 83.0 84.0 85.0 86.0 87.0 88.0 88.0 88.0 91 8.881784197e-15 0.00334731091527 -0.931876436498 -0.28789118578 0.00334731091527 -0.628603018138 -0.28789118578 0.00334731091527 -0.628603018138 -0.28789118578 0.00334731091527 -0.628603018138 -0.143945361925 0.00334731091527 -0.628603018138 -0.143945361925 0.00334731091527 -0.628603018138 -0.143945361925 0.00334731091527 -0.628603018138 -0.143945361925 0.00334731091527 -0.516096537576 -0.143945361925 0.00334731091527 -0.516096537576 -0.143945361925 0.00334731091527 -0.516096537576 -0.278424414774 0.00334731091527 -0.48429550395 -0.486896625622 0.00334731091527 -0.278178668596 -0.518697659247 0.00334731091527 -0.143945361925 -0.518171522223 0.00334731091527 -0.146136290728 -0.518171522223 0.00334731091527 -0.146136290728 -0.628603018138 0.00334731091527 -0.143945361925 -0.628603018138 0.00334731091527 -0.143945361925 -0.628603018138 0.00334731091527 -0.145086326324 -0.628603018138 0.00334731091527 -0.28789118578 -0.628603018138 0.00334731091527 -0.28789118578 -0.628603018138 0.00334731091527 -0.28789118578 -0.931876436498 0.00334731091527 1.42108547152e-14 -0.931876436498 0.00334731091527 1.42108547152e-14 -0.931876436498 0.00334731091527 1.42108547152e-14 -0.628603018138 0.00334731091527 0.28789118578 -0.628603018138 0.00334731091527 0.28789118578 -0.628603018138 0.00334731091527 0.28789118578 -0.628603018138 0.00334731091527 0.143945361926 -0.628603018138 0.00334731091527 0.143945361926 -0.628603018138 0.00334731091527 0.143945361926 -0.515164365043 0.00334731091527 0.143945361926 -0.515164365043 0.00334731091527 0.143945361926 -0.515164365043 0.00334731091527 0.143945361926 -0.486158463229 0.00334731091527 0.280683709055 -0.280683709055 0.00334731091527 0.486158463229 -0.143945361925 0.00334731091527 0.5180209334 -0.141562732627 0.00334731091527 0.517160359847 -0.143945361925 0.00334731091527 0.515665557906 -0.143945361925 0.00334731091527 0.628603018138 -0.143945361925 0.00334731091527 0.628603018138 -0.143945361925 0.00334731091527 0.628603018138 -0.28789118578 0.00334731091527 0.628603018138 -0.28789118578 0.00334731091527 0.628603018138 -0.28789118578 0.00334731091527 0.628603018138 8.881784197e-15 0.00334731091527 0.931876436498 8.881784197e-15 0.00334731091527 0.931876436498 8.881784197e-15 0.00334731091527 0.931876436498 0.28789118578 0.00334731091527 0.628603018138 0.28789118578 0.00334731091527 0.628603018138 0.28789118578 0.00334731091527 0.628603018138 0.143945361926 0.00334731091527 0.628603018138 0.143945361926 0.00334731091527 0.628603018138 0.143945361926 0.00334731091527 0.628603018138 0.143945361926 0.00334731091527 0.514487639195 0.143945361926 0.00334731091527 0.514487639195 0.143945361926 0.00334731091527 0.514487639195 0.280683709055 0.00334731091527 0.486158463229 0.486158463229 0.00334731091527 0.280683709055 0.516368151773 0.00334731091527 0.144426691846 0.516366765986 0.00334731091527 0.144433620779 0.516366765986 0.00334731091527 0.144433620779 0.628603018138 0.00334731091527 0.143945361926 0.628603018138 0.00334731091527 0.143945361926 0.628603018138 0.00334731091527 0.143945361926 0.628603018138 0.00334731091527 0.28789118578 0.628603018138 0.00334731091527 0.28789118578 0.628603018138 0.00334731091527 0.28789118578 0.931876436498 0.00334731091527 1.42108547152e-14 0.931876436498 0.00334731091527 1.42108547152e-14 0.931876436498 0.00334731091527 1.42108547152e-14 0.628603018138 0.00334731091527 -0.28789118578 0.628603018138 0.00334731091527 -0.28789118578 0.628603018138 0.00334731091527 -0.28789118578 0.628603018138 0.00334731091527 -0.143945361925 0.628603018138 0.00334731091527 -0.143945361925 0.628603018138 0.00334731091527 -0.143945361925 0.516677182211 0.00334731091527 -0.143318062471 0.516677182211 0.00334731091527 -0.143318062471 0.516677182211 0.00334731091527 -0.143318062471 0.486158463229 0.00334731091527 -0.280683709055 0.280683709055 0.00334731091527 -0.486158463229 0.14681532622 0.00334731091527 -0.515694659427 0.14681532622 0.00334731091527 -0.515694659427 0.14681532622 0.00334731091527 -0.515694659427 0.146555722175 0.00334731091527 -0.628603018138 0.146559417606 0.00334731091527 -0.627028764426 0.146559417606 0.00334731091527 -0.627028764426 0.285677160532 0.00334731091527 -0.628603018138 0.285677160532 0.00334731091527 -0.628603018138 0.285677160532 0.00334731091527 -0.628603018138 0.000391442712573 0.00334731091527 -0.931463933985
-> outwardPointer 
1 24 0 0 3 25 1.0 2.0 3.0 4.0 5.0 6.0 7.0 8.0 9.0 10.0 11.0 12.0 13.0 14.0 15.0 16.0 17.0 18.0 19.0 20.0 21.0 22.0 23.0 24.0 25.0 25 0.0861311192421 0.0 0.0687686435438 0.263294804494 0.0 0.0687686435438 0.263294804494 0.0 0.206305930631 0.538369378669 0.0 -0.000831706430351 0.263294804494 0.0 -0.206305930631 0.263294804494 0.0 -0.0687686435438 0.0793521227249 0.0 -0.0680162311053 0.0813200270581 0.0 -0.248324491467 0.218857304749 0.0 -0.248273651457 0.0118213618599 0.0 -0.523424774291 -0.193754528324 0.0 -0.248426171488 -0.056217250633 0.0 -0.248375331477 -0.055532831792 0.0 -0.0644323841494 -0.236177317905 0.0 -0.0651910754887 -0.23674470065 0.0 -0.202727192259 -0.510962429033 0.0 0.0055434477392 -0.235042552415 0.0 0.209881158052 -0.23560993516 0.0 0.0723450412815 -0.0516719225042 0.0 0.0708338162671 -0.0498218636155 0.0 0.248092092283 -0.187358197613 0.0 0.247580067027 0.0187539535384 0.0 0.523423869192 0.22525080438 0.0 0.249116142795 0.0877144703822 0.0 0.248604117539 0.087646846904 0.0 0.0646599093451
-> pill 
3 16 1 0 3 21 0.0 0.0 0.0 1.0 1.0 1.0 2.0 3.0 4.0 5.0 5.0 5.0 6.0 6.0 6.0 7.0 8.0 9.0 10.0 10.0 10.0 19 -1.0 -6.12323399574e-17 1.0 -0.333333333333 -6.12323399574e-17 1.0 0.333333333333 -6.12323399574e-17 1.0 1.0 -6.12323399574e-17 1.0 1.26120387496 -6.12323399574e-17 1.0 1.78361162489 -4.79823734099e-17 0.783611624891 2.10819418755 -3.69778549322e-32 4.4408920985e-16 1.78361162489 4.79823734099e-17 -0.783611624891 1.26120387496 6.12323399574e-17 -1.0 1.0 6.12323399574e-17 -1.0 0.333333333333 0.0 -1.0 -0.333333333333 0.0 -1.0 -1.0 0.0 -1.0 -1.26120387496 6.12323399574e-17 -1.0 -1.78361162489 4.79823734099e-17 -0.783611624891 -2.10819418755 2.46519032882e-32 -4.4408920985e-16 -1.78361162489 -4.79823734099e-17 0.783611624891 -1.26120387496 -6.12323399574e-17 1.0 -1.0 -6.12323399574e-17 1.0
-> pin 
3 16 0 0 3 21 0.5 0.5 0.5 1.0 1.0 1.0 2.0 2.0 2.0 3.0 3.0 3.0 4.0 4.0 4.0 4.5 4.5 4.5 8.53225 8.53225 8.53225 19 3.72484627637e-17 0.758556339572 5.22144406763e-18 3.72484627637e-17 0.758556339572 -0.0313537247431 3.72484627637e-17 0.758556339572 -0.0627074494862 3.72484627637e-17 0.758556339572 -0.0940611742293 5.11723136107e-17 0.821263789059 -0.0940611742293 6.50961644578e-17 0.883971238545 -0.0940611742293 7.90200153048e-17 0.946678688031 -0.0940611742293 7.90200153048e-17 0.946678688031 -0.0313537247431 7.90200153048e-17 0.946678688031 0.0313537247431 7.90200153048e-17 0.946678688031 0.0940611742293 6.50961644578e-17 0.883971238545 0.0940611742293 5.11723136107e-17 0.821263789059 0.0940611742293 3.72484627637e-17 0.758556339572 0.0940611742293 3.72484627637e-17 0.758556339572 0.0627074494862 3.72484627637e-17 0.758556339572 0.0313537247431 3.72484627637e-17 0.758556339572 5.22144406763e-18 -1.23259516441e-32 0.505704226382 0.0 -1.23259516441e-32 0.252852113191 0.0 -1.23259516441e-32 0.0 0.0
-> pin_four_corner 
3 8 2 0 3 13 -2.0 -1.0 0.0 1.0 2.0 3.0 4.0 5.0 6.0 7.0 8.0 9.0 10.0 11 1.68817351303 0.188173513034 -3.02606088379e-17 1.5 0.266117534212 -4.27949634243e-17 1.31182648697 0.188173513034 -3.02606088379e-17 1.23388246579 7.71142036796e-17 -1.24009097549e-32 1.31182648697 -0.188173513034 3.02606088379e-17 1.5 -0.266117534212 4.27949634243e-17 1.68817351303 -0.188173513034 3.02606088379e-17 1.76611753421 -1.4293224675e-16 2.29852583368e-32 1.68817351303 0.188173513034 -3.02606088379e-17 1.5 0.266117534212 -4.27949634243e-17 1.31182648697 0.188173513034 -3.02606088379e-17
3 8 2 0 3 13 -2.0 -1.0 0.0 1.0 2.0 3.0 4.0 5.0 6.0 7.0 8.0 9.0 10.0 11 0.188173513034 1.68817351303 -3.49755924537e-16 -3.03608286757e-17 1.76611753421 -3.62290279123e-16 -0.188173513034 1.68817351303 -3.49755924537e-16 -0.266117534212 1.5 -3.19495315699e-16 -0.188173513034 1.31182648697 -2.89234706861e-16 -8.01864066394e-17 1.23388246579 -2.76700352275e-16 0.188173513034 1.31182648697 -2.89234706861e-16 0.266117534212 1.5 -3.19495315699e-16 0.188173513034 1.68817351303 -3.49755924537e-16 -3.03608286757e-17 1.76611753421 -3.62290279123e-16 -0.188173513034 1.68817351303 -3.49755924537e-16
3 8 2 0 3 13 -2.0 -1.0 0.0 1.0 2.0 3.0 4.0 5.0 6.0 7.0 8.0 9.0 10.0 11 -5.30042188444e-16 0.188173513034 1.31182648697 -5.8435945639e-16 0.266117534212 1.5 -6.13608015162e-16 0.188173513034 1.68817351303 -6.00654455713e-16 -5.82769195617e-17 1.76611753421 -5.53086797486e-16 -0.188173513034 1.68817351303 -4.98769529541e-16 -0.266117534212 1.5 -4.69520970768e-16 -0.188173513034 1.31182648697 -4.82474530218e-16 -2.78323369991e-16 1.23388246579 -5.30042188444e-16 0.188173513034 1.31182648697 -5.8435945639e-16 0.266117534212 1.5 -6.13608015162e-16 0.188173513034 1.68817351303
3 8 2 0 3 13 -2.0 -1.0 0.0 1.0 2.0 3.0 4.0 5.0 6.0 7.0 8.0 9.0 10.0 11 8.18048650773e-16 0.188173513034 -1.68817351303 7.63731382828e-16 0.266117534212 -1.5 7.34482824055e-16 0.188173513034 -1.31182648697 7.47436383504e-16 2.78745790243e-16 -1.23388246579 7.95004041731e-16 -0.188173513034 -1.31182648697 8.49321309676e-16 -0.266117534212 -1.5 8.78569868449e-16 -0.188173513034 -1.68817351303 8.65616309e-16 5.86993398131e-17 -1.76611753421 8.18048650773e-16 0.188173513034 -1.68817351303 7.63731382828e-16 0.266117534212 -1.5 7.34482824055e-16 0.188173513034 -1.31182648697
1 1 0 0 3 2 0.0 1.0 2 0.0 0.0 0.0 0.0 1.26 0.0
1 1 0 0 3 2 0.0 1.0 2 0.0 0.0 0.0 1.26 2.79776202206e-16 0.0
1 1 0 0 3 2 0.0 1.0 2 0.0 0.0 0.0 0.0 2.79776202206e-16 1.26
1 1 0 0 3 2 0.0 1.0 2 0.0 0.0 0.0 0.0 2.79776202206e-16 -1.26
-> pin_point None
1 5 0 0 3 6 0.0 0.6614902298 1.1614902298 2.1614902298 3.1614902298 3.6614902298 6 0.0 0.0 0.0 0.0 0.753857912539 0.0 0.0 0.753857912542 0.0731199556914 0.0 1.0 0.0 0.0 0.753857912542 -0.0731199556914 0.0 0.753857912542 0.0
-> pin_round 
3 13 0 0 3 18 0.0 0.0 0.0 0.7597328451 0.7597328451 0.7597328451 1.7597328451 2.7597328451 3.7597328451 4.7597328451 4.7597328451 4.7597328451 5.7597328451 6.7597328451 7.7597328451 8.7597328451 8.7597328451 8.7597328451 16 0.0 0.0311625644319 0.0 0.0 0.270483720563 0.0 0.0 0.509804876695 0.0 0.0 0.749126032826 0.0 -1.0771059756e-17 0.749126032785 0.028551604161 -2.02249267256e-18 0.772778956127 0.0856548124831 1.91691820898e-17 0.85843376861 0.121134197496 3.60158853229e-17 0.944088581093 0.0856548124831 3.77713262771e-17 0.967741504435 0.028551604161 3.60230447447e-17 0.967741504435 5.46101842872e-17 3.42747632124e-17 0.967741504435 -0.028551604161 2.5526196129e-17 0.944088581093 -0.0856548124831 4.33452136668e-18 0.85843376861 -0.121134197496 -1.25121818665e-17 0.772778956127 -0.0856548124831 -1.42676228206e-17 0.749126032785 -0.028551604161 -1.25193412883e-17 0.749126032785 -3.33728903977e-17
-> push 
1 7 0 0 3 8 0.0 1.0 2.0 3.0 4.0 5.0 6.0 7.0 8 -0.129289630742 0.0 0.56025506655 0.129289630742 0.0 0.56025506655 0.129289630742 0.0 -0.0430965435808 0.387868892227 0.0 -0.0430965435808 -0.00156366349146 0.0 -0.56025506655 -0.387868892227 0.0 -0.0430965435808 -0.129289630742 0.0 -0.0430965435808 -0.129289630742 0.0 0.56025506655
-> pyramid 
1 15 0 0 3 16 0.0 1.0 2.0 3.0 4.0 5.0 6.0 7.0 8.0 9.0 10.0 11.0 12.0 13.0 14.0 15.0 16 0.5 -0.5 0.5 -0.00165650127231 0.5 -0.00165650127231 -0.00165650127231 0.5 0.00165650127231 0.5 -0.5 -0.5 0.5 -0.5 0.5 -0.5 -0.5 0.5 -0.5 -0.5 -0.5 0.5 -0.5 -0.5 -0.00165650127231 0.5 0.00165650127231 0.00165650127231 0.5 0.00165650127231 -0.5 -0.5 -0.5 -0.5 -0.5 0.5 0.00165650127231 0.5 -0.00165650127231 0.00165650127231 0.5 0.00165650127231 0.00165650127231 0.5 -0.00165650127231 -0.00165650127231 0.5 -0.00165650127231
-> rectangle 
1 10 2 0 3 11 0.0 1.0 2.0 3.0 4.0 5.0 6.0 7.0 8.0 9.0 11.0 11 -2.0 0.0 -1.0 -1.0 0.0 -1.0 0.0 0.0 -1.0 1.0 0.0 -1.0 2.0 0.0 -1.0 2.0 0.0 1.0 1.0 0.0 1.0 0.0 0.0 1.0 -1.0 0.0 1.0 -2.0 0.0 1.0 -2.0 0.0 -1.0
-> rotate 
3 25 0 0 3 30 -0.1 -0.05 0.0 1.0 2.0 3.0 4.0 4.0 4.0 5.0 5.0 5.0 6.0 6.0 6.0 7.0 7.0 7.0 8.0 8.0 8.0 9.0 10.0 11.0 12.0 12.05 12.1 12.15 13.15 14.15 28 0.0106643130994 3.32561078293e-17 -0.543131394436 -0.0675406496297 3.33037325692e-17 -0.54390919115 -0.213286261988 3.15286286279e-17 -0.51491858636 -0.394101624034 2.41309676422e-17 -0.394101624034 -0.51491858636 1.30595855807e-17 -0.213286261988 -0.557343861662 0.0 -1.52655665886e-16 -0.51491858636 -1.30595855807e-17 0.213286261988 -0.58881846861 0.0 0.241043602703 -0.66271835086 0.0 0.268800943417 -0.736618233109 0.0 0.296558284132 -0.568849020337 0.0 0.365980027348 -0.401079807564 0.0 0.435401770564 -0.233310594791 0.0 0.504823513781 -0.177387523867 0.0 0.3505529733 -0.121464452943 0.0 0.196282432819 -0.0655413820184 0.0 0.0420118923387 -0.133034743479 0.0 0.0670808551669 -0.200528104939 0.0 0.092149817995 -0.284379561475 -7.21255615714e-18 0.117793871224 -0.307810219263 0.0 -2.8449465006e-16 -0.284379561475 7.21255615714e-18 -0.117793871224 -0.217654693359 1.33270660213e-17 -0.217654693359 -0.117793871224 1.7412650894e-17 -0.284379561475 -0.0373013925544 1.83930064177e-17 -0.300390510963 0.00588969356123 1.83667041963e-17 -0.299960948904 0.0106643130994 3.32561078293e-17 -0.543131394436 -0.0675406496297 3.33037325692e-17 -0.54390919115 -0.213286261988 3.15286286279e-17 -0.51491858636
-> rotateTwoDirections 
3 53 0 0 3 58 0.0 0.0 0.0 1.0 2.0 3.0 4.0 5.0 6.0 7.0 8.0 9.0 10.0 11.0 12.0 13.0 14.0 15.0 16.0 17.0 18.0 19.0 20.0 21.0 22.0 23.0 24.0 25.0 26.0 27.0 28.0 29.0 30.0 31.0 32.0 33.0 34.0 35.0 36.0 37.0 38.0 39.0 40.0 41.0 42.0 43.0 44.0 45.0 46.0 47.0 48.0 49.0 50.0 51.0 52.0 53.0 53.0 53.0 56 0.0136143885127 -0.00019141960938 -0.403495554118 -0.0698727546604 -0.000421896379004 -0.414898533459 -0.203767763558 -0.000761223769955 -0.379541237793 -0.333316654101 -0.00104853299529 -0.272751462222 -0.412371945987 -0.00117687151251 -0.124412639327 -0.428575653745 -0.00112585354251 0.0428599429627 -0.379568472892 -0.000903528804812 0.203611074623 -0.272703785389 -0.000543461913115 0.333356868161 -0.12457326384 -0.00010131684712 0.412377162054 0.0136717986002 0.000274258395097 0.420518940849 0.099234776921 0.000490199911436 0.396333261972 0.099234776921 0.000490199911436 0.396333261972 0.099234776921 0.000490199911436 0.396333261972 0.099234776921 0.000490199911436 0.396333261972 0.155466527008 0.000684418706089 0.473018332897 0.155466527008 0.000684418706089 0.473018332897 0.155466527008 0.000684418706089 0.473018332897 0.155466527008 0.000684418706089 0.473018332897 0.272698538646 0.000839206082785 0.190158809286 0.272698538646 0.000839206082785 0.190158809286 0.272698538646 0.000839206082785 0.190158809286 0.272698538646 0.000839206082785 0.190158809286 -0.0247802761015 3.04479678546e-05 0.171600260198 -0.0247802761015 3.04479678546e-05 0.171600260198 -0.0247802761015 3.04479678546e-05 0.171600260198 -0.0247802761015 3.04479678546e-05 0.171600260198 0.0175940468154 0.000184017307445 0.242154561744 0.0175940468154 0.000184017307445 0.242154561744 0.0175940468154 0.000184017307445 0.242154561744 0.0175940468154 0.000184017307445 0.242154561744 -0.00753567005222 0.000123262783858 0.253978965998 -0.0747715768028 -6.08124393366e-05 0.247517955798 -0.163683063321 -0.00032619848591 0.200088101916 -0.227825526308 -0.000542318394551 0.122211758609 -0.257240738176 -0.000675762595987 0.0257255008994 -0.247514871612 -0.000706384526898 -0.0746750817942 -0.200064230823 -0.000629353179495 -0.163711354558 -0.122305880489 -0.00045690328133 -0.227809116752 -0.0576809450417 -0.000294584594816 -0.24745694269 -0.0306620493021 -0.000218088040905 -0.240390192702 -0.0306620493021 -0.000218088040905 -0.240390192702 -0.0306620493021 -0.000218088040905 -0.240390192702 -0.0306620493021 -0.000218088040905 -0.240390192702 -0.0540279046377 -0.000231376019348 -0.152924463659 -0.0540279046377 -0.000231376019348 -0.152924463659 -0.0540279046377 -0.000231376019348 -0.152924463659 -0.0540279046377 -0.000231376019348 -0.152924463659 0.227331867024 0.000477774304877 -0.234115088424 0.227331867024 0.000477774304877 -0.234115088424 0.227331867024 0.000477774304877 -0.234115088424 0.227331867024 0.000477774304877 -0.234115088424 0.0532678480966 -0.000135343346225 -0.492587820435 0.0532678480966 -0.000135343346225 -0.492587820435 0.0532678480966 -0.000135343346225 -0.492587820435 0.0532678480966 -0.000135343346225 -0.492587820435 0.0136143885127 -0.00019141960938 -0.403495554118
-> seeSaw 
3 33 0 0 3 38 1.0 1.0 1.0 2.0 3.0 4.0 4.0 4.0 5.0 5.0 5.0 6.0 6.0 6.0 7.0 7.0 7.0 8.0 8.0 8.0 9.0 10.0 11.0 11.9 12.0 12.1 13.0 13.0 13.0 14.0 14.0 14.0 15.0 15.0 15.0 16.0 16.0 16.0 36 -0.0507923376849 2.31600114659e-17 -0.427552371995 -0.167830633979 2.14282027427e-17 -0.341994030006 -0.280911923709 1.4030541757e-17 -0.156242703092 -0.314301457451 2.95915969548e-18 0.0586434820711 -0.262915981368 -1.01004258852e-17 0.26995005174 -0.134578468386 -2.31600114659e-17 0.445507496181 -0.18990451852 -1.01004258852e-17 0.501816383016 -0.245230568655 -1.01004258852e-17 0.55812526985 -0.30055661879 -1.01004258852e-17 0.614434156685 -0.119155919155 -1.01004258852e-17 0.606709303441 0.0622447804793 -1.01004258852e-17 0.598984450198 0.243645480114 -1.01004258852e-17 0.591259596954 0.229365753647 -1.01004258852e-17 0.427788257161 0.21508602718 -1.01004258852e-17 0.264316917368 0.200806300713 -1.01004258852e-17 0.100845577574 0.150157741339 -1.01004258852e-17 0.152017153393 0.0995091819642 -1.01004258852e-17 0.203188729212 0.0342675557414 -1.73129820424e-17 0.261773833437 -0.0366107668314 -1.01004258852e-17 0.164816857351 -0.064989969955 -2.88786972808e-18 0.0481163318486 -0.0465495772118 3.22664013612e-18 -0.0705611459553 0.013821275233 7.17603884631e-18 -0.169728443882 0.0773091136199 8.22084720145e-18 -0.218037610176 0.116117690505 8.27345164418e-18 -0.237013973743 0.169039092016 -1.01004258852e-17 -0.174472290939 0.217930040121 -1.01004258852e-17 -0.112493764388 0.261931893416 -1.01004258852e-17 -0.0567130904925 0.277119512602 -1.01004258852e-17 -0.237641870428 0.292307131787 -1.01004258852e-17 -0.418570650364 0.307494750973 -1.01004258852e-17 -0.5994994303 0.143526794441 -1.01004258852e-17 -0.60592584085 -0.0204411620907 -1.01004258852e-17 -0.6123522514 -0.184409118623 -1.01004258852e-17 -0.618778661949 -0.140025337665 -1.01004258852e-17 -0.562087509849 -0.0956415567083 -1.01004258852e-17 -0.505396357749 -0.0457415824372 -1.73129820424e-17 -0.433294507586
-> simple_sphere
 3 32 0 0 3 37 0.0 0.0 0.0 1.0 2.0 3.0 4.0 5.0 6.0 7.0 8.0 9.0 10.0 11.0 12.0 13.0 14.0 15.0 16.0 17.0 18.0 19.0 20.0 21.0 22.0 23.0 24.0 25.0 26.0 27.0 28.0 29.0 30.0 31.0 32.0 32.0 32.0 35 2.77555756156e-16 -1.0 -4.4408920985e-16 -2.06050480483e-16 -1.0 -0.261203885078 -1.21047553882e-16 -0.752725901445 -0.752725901445 3.23342916214e-18 -0.261203885078 -1.0 6.12323426293e-17 8.04911692853e-16 -1.0 1.19231256096e-16 0.261203885078 -1.0 2.13229896925e-16 0.752725901445 -0.752725901445 2.38038729367e-16 1.0 -0.261203885078 -8.32667268469e-17 1.0 4.4408920985e-16 2.06050480483e-16 1.0 0.261203885078 1.21047553882e-16 0.752725901445 0.752725901445 2.80043518392e-16 0.261203885078 1.0 2.22044604925e-16 -8.32667268469e-17 1.0 1.64045691458e-16 -0.261203885078 1.0 -2.13229896925e-16 -0.752725901445 0.752725901445 -2.38038729367e-16 -1.0 0.261203885078 2.77555756156e-16 -1.0 -4.4408920985e-16 2.77555756156e-16 -1.0 -4.4408920985e-16 2.77555756156e-16 -1.0 -4.4408920985e-16 -0.261203885078 -1.0 -4.4408920985e-16 -0.757770468272 -0.757770468272 -3.36517688502e-16 -1.0 -0.261203885078 -1.15997826934e-16 -1.0 1.94289029309e-16 -1.23259516441e-32 -1.0 0.261203885078 1.15997826934e-16 -0.757770468272 0.757770468272 3.36517688502e-16 -0.261203885078 1.0 4.4408920985e-16 -8.32667268469e-17 1.0 4.4408920985e-16 0.261203885078 1.0 4.4408920985e-16 0.757770468272 0.757770468272 3.36517688502e-16 1.0 0.261203885078 1.15997826934e-16 1.0 1.38777878078e-16 1.60237371373e-31 1.0 -0.261203885078 -1.15997826934e-16 0.757770468272 -0.757770468272 -3.36517688502e-16 0.261203885078 -1.0 -4.4408920985e-16 2.77555756156e-16 -1.0 -4.4408920985e-16
-> sphere 
3 48 0 0 3 53 6.0 6.0 6.0 7.0 8.0 8.0 8.0 9.0 10.0 10.0 10.0 11.0 12.0 12.0 12.0 13.0 14.0 14.0 14.0 15.0 16.0 17.0 18.0 18.0 18.0 19.0 20.0 20.0 20.0 21.0 22.0 22.0 22.0 23.0 24.0 24.0 24.0 25.0 26.0 26.0 26.0 27.0 28.0 28.0 28.0 29.0 30.0 30.0 30.0 31.0 32.0 32.0 32.0 51 1.0 -4.99600361081e-16 0.0 1.0 0.261203874964 0.0 0.783611624891 0.783611624891 0.0 0.261203874964 1.0 0.0 2.77555756156e-17 1.0 0.0 -0.261203874964 1.0 0.0 -0.783611624891 0.783611624891 0.0 -1.0 0.261203874964 0.0 -1.0 3.05311331772e-16 0.0 -1.0 -0.261203874964 0.0 -0.783611624891 -0.783611624891 0.0 -0.261203874964 -1.0 0.0 -3.60822483003e-16 -1.0 0.0 0.261203874964 -1.0 0.0 0.783611624891 -0.783611624891 0.0 1.0 -0.261203874964 0.0 1.0 -4.99600361081e-16 0.0 1.0 1.599412447e-17 -0.261203874964 0.783611624891 4.79823734099e-17 -0.783611624891 -1.26431706078e-16 6.78573232311e-17 -1.10819418755 -0.783611624891 4.79823734099e-17 -0.783611624891 -1.0 1.599412447e-17 -0.261203874964 -1.0 1.69481835106e-32 -3.05311331772e-16 -1.0 -1.599412447e-17 0.261203874964 -0.783611624891 -4.79823734099e-17 0.783611624891 -0.261203874964 -6.12323399574e-17 1.0 -3.60822483003e-16 -6.12323399574e-17 1.0 0.261203874964 -6.12323399574e-17 1.0 0.783611624891 -4.79823734099e-17 0.783611624891 1.0 -1.599412447e-17 0.261203874964 1.0 -3.23556230657e-32 4.99600361081e-16 1.0 0.261203874964 2.83276944882e-16 0.783611624891 0.783611624891 2.21979107074e-16 0.261203874964 1.0 7.39930356912e-17 -2.77555756156e-17 1.0 -7.70371977755e-33 1.599412447e-17 1.0 -0.261203874964 4.79823734099e-17 0.783611624891 -0.783611624891 6.12323399574e-17 0.261203874964 -1.0 6.12323399574e-17 -4.99600361081e-16 -1.0 6.12323399574e-17 -0.261203874964 -1.0 4.79823734099e-17 -0.783611624891 -0.783611624891 1.599412447e-17 -1.0 -0.261203874964 -2.15704153771e-32 -1.0 3.60822483003e-16 -1.599412447e-17 -1.0 0.261203874964 -4.79823734099e-17 -0.783611624891 0.783611624891 -6.12323399574e-17 -0.261203874964 1.0 -6.12323399574e-17 2.49800180541e-16 1.0 -6.12323399574e-17 0.261203874964 1.0 -4.79823734099e-17 0.783611624891 0.783611624891 -1.599412447e-17 1.0 0.261203874964 1.54074395551e-33 1.0 -2.77555756156e-17
-> sphere2 
3 8 2 0 3 13 -2.0 -1.0 0.0 1.0 2.0 3.0 4.0 5.0 6.0 7.0 8.0 9.0 10.0 11 0.783611624891 4.79823734099e-17 -0.783611624891 -1.26431706078e-16 6.78573232311e-17 -1.10819418755 -0.783611624891 4.79823734099e-17 -0.783611624891 -1.10819418755 1.96633546162e-32 -3.21126950724e-16 -0.783611624891 -4.79823734099e-17 0.783611624891 -3.33920536359e-16 -6.78573232311e-17 1.10819418755 0.783611624891 -4.79823734099e-17 0.783611624891 1.10819418755 -3.6446300679e-32 5.95213259928e-16 0.783611624891 4.79823734099e-17 -0.783611624891 -1.26431706078e-16 6.78573232311e-17 -1.10819418755 -0.783611624891 4.79823734099e-17 -0.783611624891
3 8 2 0 3 13 -2.0 -1.0 0.0 1.0 2.0 3.0 4.0 5.0 6.0 7.0 8.0 9.0 10.0 11 1.26014360254e-16 0.783611624891 -0.783611624891 -6.78573232311e-17 -1.26431706078e-16 -1.10819418755 -2.21979107074e-16 -0.783611624891 -0.783611624891 -2.46068540556e-16 -1.10819418755 -3.21126950724e-16 -1.26014360254e-16 -0.783611624891 0.783611624891 6.78573232311e-17 -3.33920536359e-16 1.10819418755 2.21979107074e-16 0.783611624891 0.783611624891 2.46068540556e-16 1.10819418755 5.95213259928e-16 1.26014360254e-16 0.783611624891 -0.783611624891 -6.78573232311e-17 -1.26431706078e-16 -1.10819418755 -2.21979107074e-16 -0.783611624891 -0.783611624891
3 8 2 0 3 13 -2.0 -1.0 0.0 1.0 2.0 3.0 4.0 5.0 6.0 7.0 8.0 9.0 10.0 11 -0.783611624891 0.783611624891 -3.00011093917e-16 -1.10819418755 -1.26431706078e-16 -1.78211217325e-16 -0.783611624891 -0.783611624891 4.79823734099e-17 -3.21126950724e-16 -1.10819418755 2.46068540556e-16 0.783611624891 -0.783611624891 3.00011093917e-16 1.10819418755 -3.33920536359e-16 1.78211217325e-16 0.783611624891 0.783611624891 -4.79823734099e-17 5.95213259928e-16 1.10819418755 -2.46068540556e-16 -0.783611624891 0.783611624891 -3.00011093917e-16 -1.10819418755 -1.26431706078e-16 -1.78211217325e-16 -0.783611624891 -0.783611624891 4.79823734099e-17
-> spiky 
1 18 0 0 3 19 0.0 0.347296355334 0.694592710668 1.041889066 1.38918542134 1.73648177667 2.083778132 2.43107448734 2.77837084267 3.125667198 3.47296355334 3.82025990867 4.16755626401 4.51485261934 4.86214897467 5.20944533001 5.55674168534 5.90403804068 6.25133439601 19 0.0 2.57299116013e-17 0.420215222974 0.182830468497 3.07573713885e-17 0.502322583783 0.26782394314 1.97611837029e-17 0.322735279647 0.462942997346 1.63656554857e-17 0.267280264137 0.410330086752 4.64783412641e-18 0.0759073985188 0.526439352699 -5.68373250283e-18 -0.0928254615875 0.360838222463 -1.25384328952e-17 -0.204774911645 0.343608884202 -2.50736388856e-17 -0.409497122195 0.142506143613 -2.37559720184e-17 -0.387977278482 0.0 -3.27313109714e-17 -0.534560528274 -0.142506143613 -2.37559720184e-17 -0.387977278482 -0.343608884202 -2.50736388856e-17 -0.409497122195 -0.360838222463 -1.25384328952e-17 -0.204774911645 -0.526439352699 -5.68373250283e-18 -0.0928254615875 -0.410330086752 4.64783412641e-18 0.0759073985188 -0.462942997346 1.63656554857e-17 0.267280264137 -0.26782394314 1.97611837029e-17 0.322735279647 -0.182830468497 3.07573713885e-17 0.502322583783 0.0 2.57299116013e-17 0.420215222974
-> spin 
3 39 0 0 3 44 0.0 0.0 0.0 1.0 2.0 3.0 4.0 5.0 6.0 7.0 8.0 9.0 10.0 11.0 11.0 11.0 12.0 12.0 12.0 13.0 14.0 15.0 16.0 17.0 18.0 19.0 20.0 21.0 22.0 23.0 23.0 23.0 24.0 24.0 24.0 25.0 25.0 25.0 26.0 26.0 26.0 27.0 27.0 27.0 42 0.225663399707 3.93063177681e-19 -0.00641942084416 0.202232741919 -6.81949297946e-18 0.11137445038 0.135507873804 -1.29340028437e-17 0.211235272515 0.035647051669 -1.70195877163e-17 0.27796014063 -0.0821468195555 -1.84542543363e-17 0.301390798419 -0.19994069078 -1.70195877163e-17 0.27796014063 -0.299801512915 -1.29340028437e-17 0.211235272515 -0.36652638103 -6.81949297946e-18 0.11137445038 -0.389957038818 3.93063177681e-19 -0.00641942084416 -0.36652638103 7.60561933482e-18 -0.124213292069 -0.299801512915 1.3720129199e-17 -0.224074114203 -0.19994069078 1.78057140716e-17 -0.290798982319 -0.121411443297 1.8762158485e-17 -0.306419420844 -0.0821468195555 1.8762158485e-17 -0.306419420844 -0.084983802691 3.93063177681e-19 -0.372728781306 -0.0835653111233 3.93063177681e-19 -0.436151846011 -0.0821468195555 3.93063177681e-19 -0.499574910715 -0.146692035408 3.05891304936e-17 -0.499574910715 -0.275782467114 2.90168777829e-17 -0.473897227339 -0.439938842643 2.23007824187e-17 -0.364211443932 -0.54962462605 1.2249435394e-17 -0.200055068403 -0.588141151115 3.93063177681e-19 -0.00641942084416 -0.54962462605 -1.14633090387e-17 0.187216226714 -0.439938842643 -2.15146560633e-17 0.351372602244 -0.275782467114 -2.82307514275e-17 0.46105838565 -0.0821468195555 -3.05891304936e-17 0.499574910715 0.111488828003 -2.82307514275e-17 0.46105838565 0.275645203532 -2.15146560633e-17 0.351372602244 0.385330986939 -1.14633090387e-17 0.187216226714 0.423847512004 3.93063177681e-19 -0.00641942084416 0.478612058374 3.93063177681e-19 -0.00677435409766 0.533376604745 3.93063177681e-19 -0.00712928735116 0.588141151115 3.93063177681e-19 -0.00748422060466 0.500087493546 3.93063177681e-19 -0.10516874697 0.412033835978 3.93063177681e-19 -0.202853273335 0.323980178409 3.93063177681e-19 -0.3005377997 0.235926520841 3.93063177681e-19 -0.202853273335 0.147872863272 3.93063177681e-19 -0.10516874697 0.0598192057034 3.93063177681e-19 -0.00748422060466 0.114852741684 3.93063177681e-19 -0.00610838220516 0.169886277664 3.93063177681e-19 -0.00473254380565 0.224919813645 3.93063177681e-19 -0.00335670540614
-> spinner 
3 83 0 0 3 88 -0.0825232708696 -0.0521739130435 0.0 1.04347826087 2.08695652174 3.13043478261 4.13043478261 5.13043478261 6.13043478261 7.13043478261 8.13043478261 9.13043478261 10.1304347826 11.1304347826 12.1304347826 13.1304347826 14.1304347826 15.1304347826 16.1304347826 17.1304347826 18.1304347826 19.1304347826 21.1304347826 22.1304347826 23.1304347826 25.1304347826 26.1304347826 27.0304347826 27.1304347826 27.2347826087 28.1739130435 29.2173913043 30.2608695652 31.2608695652 32.2608695652 33.2608695652 34.2608695652 35.2608695652 36.2608695652 37.2608695652 38.2608695652 39.2608695652 40.2608695652 41.2608695652 42.2608695652 43.2608695652 44.2608695652 45.2608695652 46.2608695652 48.2608695652 49.2608695652 50.2608695652 52.2608695652 53.2608695652 54.1608695652 54.2608695652 54.3652173913 55.3043478261 56.347826087 57.3913043478 58.3913043478 59.3913043478 60.3913043478 61.3913043478 62.3913043478 63.3913043478 64.3913043478 65.3913043478 66.3913043478 67.3913043478 68.3913043478 69.3913043478 70.3913043478 71.3913043478 72.3913043478 73.3913043478 75.3913043478 76.3913043478 77.3913043478 79.3913043478 80.3913043478 81.3913043478 81.4413043478 81.46095499 81.4913043478 81.5434782609 82.5869565217 83.6304347826 86 -0.0808081334447 0.0 -0.285207270758 -0.0906183433606 0.0 -0.282200451378 -0.092999835123 0.0 -0.282701710366 -0.0937479048123 0.0 -0.283586534257 -0.10626295066 0.0 -0.338321603633 -0.0890450342733 0.0 -0.369493039033 -0.0547834062711 0.0 -0.412258708519 -0.0492008802678 0.0 -0.415529382564 -0.0481106555861 0.0 -0.413668540563 -0.0163352428646 0.0 -0.355166521233 -0.00671142549665 0.0 -0.355805735958 -0.00485058349555 0.0 -0.35689596064 0.0438404950338 0.0 -0.540288075325 0.0469229643113 0.0 -0.552092342056 0.043652290266 0.0 -0.55767486806 -0.14648884005 0.0 -0.55415016092 -0.15300272593 0.0 -0.552129636525 -0.15650695258 0.0 -0.549614544713 -0.118151269669 0.0 -0.490241001519 -0.122150063737 0.0 -0.484716250475 -0.127406403711 0.0 -0.480943612756 -0.197123216554 0.0 -0.417163489372 -0.239256401924 0.0 -0.28333656246 -0.216775099883 0.0 -0.20241177212 -0.216626060359 0.0 -0.197629727557 -0.28026715343 0.0 -0.110455145813 -0.30492954376 0.0 0.0140784157849 -0.27050974401 0.0 0.12278202907 -0.244774994188 0.0 0.167291049184 -0.244614029304 0.0 0.169571573802 -0.245228458228 0.0 0.170508050672 -0.2941463195 0.0 0.198068838771 -0.328926685624 0.0 0.190424156836 -0.379668645454 0.0 0.169735629762 -0.384391558055 0.0 0.165313412914 -0.382917485772 0.0 0.163739108713 -0.335864234325 0.0 0.116641819539 -0.33921330656 0.0 0.107596922007 -0.34078761076 0.0 0.106122849725 -0.530454880791 0.0 0.111583210153 -0.542648386723 0.0 0.111984137821 -0.547070603572 0.0 0.116707050422 -0.48963054702 0.0 0.297998839815 -0.485841386211 0.0 0.303669420779 -0.482433773533 0.0 0.306313937195 -0.436415864939 0.0 0.252660156978 -0.429982187714 0.0 0.254923125263 -0.424870768697 0.0 0.258889899888 -0.34390103213 0.0 0.307595545269 -0.2036179117 0.0 0.309940283802 -0.132424789569 0.0 0.265378304558 -0.127882476671 0.0 0.263875787827 -0.0262112252272 0.0 0.300104961972 0.100194784409 0.0 0.28834221617 0.194625939966 0.0 0.224436386888 0.276852328955 0.0 0.106084310193 0.278636024735 0.0 0.10465422922 0.279755733391 0.0 0.104626582203 0.330255573831 0.0 0.129168797012 0.343760848306 0.0 0.16211910188 0.355622920686 0.0 0.215617259594 0.354674043979 0.0 0.222017379771 0.352540670587 0.0 0.221701087536 0.287036868994 0.0 0.20980927959 0.281504953267 0.0 0.217710188689 0.281188661031 0.0 0.219843562081 0.393607738281 0.0 0.372701142617 0.400876062908 0.0 0.38249980513 0.407276183085 0.0 0.383448681836 0.523667821817 0.0 0.233052340686 0.526174583009 0.0 0.226709677489 0.526410107084 0.0 0.222402727333 0.456104011024 0.0 0.215093219843 0.454303822059 0.0 0.208515032571 0.454657108172 0.0 0.202054607337 0.448632785502 0.0 0.107756963314 0.370733641439 0.0 -0.00893311780061 0.293577999828 0.0 -0.042118017989 0.289757694501 0.0 -0.0449981968365 0.260974224119 0.0 -0.15189152045 0.173705120281 0.0 -0.253936984992 0.0611902939906 0.0 -0.291716644148 -0.00545584935207 0.0 -0.306387863215 -0.0808081334447 0.0 -0.285207270758 -0.0906183433606 0.0 -0.282200451378 -0.092999835123 0.0 -0.282701710366
-> square 
1 4 2 0 3 5 0.0 1.0 2.0 3.0 4.0 5 -0.5 0.0 0.5 -0.5 0.0 -0.5 0.5 0.0 -0.5 0.5 0.0 0.5 -0.5 0.0 0.5
-> squareLiner 
1 12 0 0 3 13 0.0 0.60419839343 0.759889171974 1.51977837345 3.29823241527 5.07668645709 6.85514049891 7.61502970229 7.77072061124 8.37491900447 9.84199142957 11.3090638547 12.7761362797 13 0.733536212546 0.0 0.733536212546 0.129337819116 0.0 0.733536242365 0.129337819429 0.0 0.889227020909 0.889227020909 0.0 0.889227020909 0.889227020909 0.0 -0.889227020909 -0.889227020909 0.0 -0.889227020909 -0.889227020909 0.0 0.889227020909 -0.129337817535 0.0 0.889227151322 -0.129337819141 0.0 0.733536227456 -0.733536212546 0.0 0.733536212546 -0.733536212546 0.0 -0.733536212546 0.733536212546 0.0 -0.733536212546 0.733536212546 0.0 0.733536212546
-> squarePointer 
1 7 0 0 3 8 0.6 1.6 2.6 2.9 3.3 3.7 4.0 5.0 8 -0.999214589245 0.0 -0.999214589245 0.999214589245 0.0 -0.999214589245 0.999214589245 0.0 0.999214589245 0.399685835698 0.0 0.999214589245 0.0 0.0 1.66535764874 -0.399685835698 0.0 0.999214589245 -0.999214589245 0.0 0.999214589245 -0.999214589245 0.0 -0.999214589245
-> square_locator 
3 1 0 0 3 6 0.0 0.0 0.0 1.0 1.0 1.0 4 3.0 0.0 0.0 1.0 0.0 0.0 -1.0 0.0 0.0 -3.0 0.0 0.0
3 1 0 0 3 6 0.0 0.0 0.0 1.0 1.0 1.0 4 6.66133814775e-16 3.0 0.0 2.22044604925e-16 1.0 0.0 -2.22044604925e-16 -1.0 0.0 -6.66133814775e-16 -3.0 0.0
3 1 0 0 3 6 0.0 0.0 0.0 1.0 1.0 1.0 4 -6.66133814775e-16 1.66533453694e-16 -3.0 -2.22044604925e-16 5.55111512313e-17 -1.0 2.22044604925e-16 -5.55111512313e-17 1.0 6.66133814775e-16 -1.66533453694e-16 3.0
1 15 0 0 3 16 0.0 1.0 2.0 3.0 4.0 5.0 6.0 7.0 8.0 9.0 10.0 11.0 12.0 13.0 14.0 15.0 16 0.5 -0.5 0.5 0.5 0.5 0.5 0.5 0.5 -0.5 0.5 -0.5 -0.5 0.5 -0.5 0.5 -0.5 -0.5 0.5 -0.5 -0.5 -0.5 0.5 -0.5 -0.5 0.5 0.5 -0.5 -0.5 0.5 -0.5 -0.5 -0.5 -0.5 -0.5 -0.5 0.5 -0.5 0.5 0.5 -0.5 0.5 -0.5 -0.5 0.5 0.5 0.5 0.5 0.5
-> square_point None
1 5 0 0 3 6 0.0 1.0 2.0 3.0 4.0 5.0 6 -1.0 0.0 1.0 -1.0 0.0 -1.0 1.0 0.0 -1.0 1.0 0.0 1.0 0.0 0.0 1.5 -1.0 0.0 1.0
-> star 
1 10 0 0 3 11 0.0 1.0 2.0 3.0 4.0 5.0 6.0 7.0 8.0 9.0 10.0 11 -0.484225564569 0.0 -0.147094205514 -0.161408521523 0.0 -0.147094205514 0.0 0.0 -0.46991124856 0.161408521523 0.0 -0.147094205514 0.484225564569 0.0 -0.147094205514 0.272893158274 0.0 0.118766893826 0.42681945076 0.0 0.46510105192 -0.00128805021745 0.0 0.253452399751 -0.419775157915 0.0 0.46991124856 -0.261038668788 0.0 0.118766893826 -0.484225564569 0.0 -0.147094205514
-> triangle 
1 3 0 0 3 4 0.0 1.0 2.0 3.0 4 0.0 -3.46944695195e-17 0.719807023853 -0.719807023853 2.77555756156e-17 -0.719807023853 0.719807023853 2.77555756156e-17 -0.719807023853 0.0 -3.46944695195e-17 0.719807023853
-> twoAxisRotate 
3 64 0 0 3 69 0.0 0.0 0.0 1.0 1.0 1.0 2.0 2.0 2.0 3.0 3.0 3.0 3.9 4.0 4.00526315789 4.05263157895 4.10526315789 4.15789473684 4.21052631579 4.26315789474 4.31578947368 4.36842105263 4.42105263158 4.47368421053 4.52631578947 4.57894736842 4.63157894737 4.68421052632 4.73684210526 4.78947368421 4.84210526316 4.89473684211 4.94736842105 5.0 5.0 5.0 6.0 6.0 6.0 7.0 7.0 7.0 8.0 8.0 8.0 8.9 9.0 9.00526315789 9.05263157895 9.10526315789 9.15789473684 9.21052631579 9.26315789474 9.31578947368 9.36842105263 9.42105263158 9.47368421053 9.52631578947 9.57894736842 9.63157894737 9.68421052632 9.73684210526 9.78947368421 9.84210526316 9.89473684211 9.94736842105 10.0 10.0 10.0 67 -0.00211113408661 0.0186845276878 -0.523213843277 -0.00211113408661 0.0186845276878 -0.582656119361 -0.00211113408661 0.0186845276878 -0.642098395445 -0.00211113408661 0.0186845276878 -0.701540671528 -0.00211113408661 0.106659096291 -0.606433029794 -0.00211113408661 0.194633664895 -0.511325388061 -0.00211113408661 0.282608233499 -0.416217746327 -0.00211113408661 0.197011355938 -0.312320302063 -0.00211113408661 0.111414478378 -0.208422857798 -0.00211113408661 0.0258176008178 -0.104525413534 -0.00211113408661 0.0236776788788 -0.162303305887 -0.00211113408661 0.0212999878355 -0.226500964058 -0.00211113408661 0.0189097826287 -0.291036504639 -0.0068012005056 -0.0355104390062 -0.295240641056 -0.00522881784879 -0.113548237762 -0.279832851158 -0.00425848691701 -0.20999218969 -0.212446551123 -0.00911713346274 -0.273690666833 -0.116393872164 -0.00562864275514 -0.295399117519 -0.00625886586736 -0.16809701771 -0.253613219895 -0.00722231288886 -0.235925604695 -0.177732646756 -0.00675390458295 -0.298986821521 -0.0671540338271 -0.00667417618526 -0.297345647995 0.0504422538673 -0.00709416339651 -0.257432650905 0.159677605997 -0.00743836806856 -0.177318079423 0.252437517348 -0.00687623993235 -0.0673352324825 0.285168681439 -0.00677528925359 0.0558215671171 0.294882210521 -0.00670690394326 0.168324654877 0.238032435593 -0.0068851207785 0.247144143732 0.17023465713 -0.00644625131425 0.289629990821 0.0154193677505 -0.00738882607264 0.275561910229 -0.00221473904754 0.0779841577197 0.215511995819 0.000144658496412 0.197076474723 0.119853644969 -0.00103343045605 0.259428902792 0.0413541978961 -0.000428483371012 0.281453903972 0.00245724755931 -0.000373981724366 0.282711102884 0.0095215885935 0.0039969535698 0.223409965701 0.0095215885935 0.0039969535698 0.163967689618 0.0095215885935 0.0039969535698 0.104525413534 -0.0784529800102 0.0039969535698 0.199633055268 -0.166427548614 0.0039969535698 0.294740697001 -0.254402117218 0.0039969535698 0.389848338735 -0.168805239657 0.0039969535698 0.493745782999 -0.0832083620969 0.0039969535698 0.597643227264 0.00238851546348 0.0039969535698 0.701540671528 0.00452843740248 0.0039969535698 0.643762779175 0.00690612844583 0.0039969535698 0.579565121005 0.00929633365256 0.0039969535698 0.515029580423 0.0891329160004 -0.000357328981232 0.505630973629 0.22787562276 -0.00131262827098 0.464591158537 0.4419107726 0.000719221059475 0.325517731405 0.499996889359 -0.00349034953068 0.0377288422779 0.525096762193 0.0279719267402 -0.00774926397418 0.449294711426 0.304189002048 -0.00606754865999 0.308667201211 0.425151887267 -0.00685056718704 0.107942363317 0.526581653187 -0.00653259773326 -0.111790526929 0.509251048408 -0.00665460887628 -0.308018822194 0.450853028078 -0.00683472223169 -0.450956982326 0.285353409004 -0.00783765540678 -0.522168626649 0.090458772909 -0.00722353513351 -0.525096762193 -0.119353208738 -0.00647420579 -0.393253673595 -0.374637582292 -0.00661645494972 -0.1411233537 -0.477803156706 -0.00745217584544 -0.00169536895055 -0.526581653187 -0.00573322082775 -0.00791943573589 -0.4878500474 -0.202232994527 0.000749224473273 -0.374201020043 -0.373607476749 -0.00104171045399 -0.196194902363 -0.497982032275 -0.00393192411961 -0.0558798460259 -0.522555006901 -0.0051584433532 0.0140896481127 -0.521292717632
-> wigglyPointer 
3 28 0 0 3 33 0.0 0.0 0.0 1.0 2.0 3.0 4.0 5.0 6.0 7.0 8.0 9.0 10.0 11.0 12.0 13.0 14.0 15.0 16.0 17.0 18.0 19.0 20.0 21.0 22.0 23.0 24.0 25.0 26.0 27.0 28.0 28.0 28.0 31 0.0191810891154 0.0 0.553013750438 0.0191810891154 0.0 0.441641716136 -0.12467707925 0.0 0.491454387993 -0.191810891154 0.0 0.402967693869 -0.0671338119038 0.0 0.336602673276 0.0671338119038 0.0 0.348458038155 0.210991980269 0.0 0.34030084623 0.191810891154 0.0 0.250571735057 0.0671338119038 0.0 0.201628583508 -0.12467707925 0.0 0.21944922291 -0.210991980269 0.0 0.145323772349 -0.12467707925 0.0 0.071198321787 0.00959054455769 0.0 0.062022002167 0.163039257481 0.0 0.0746732697309 0.201401435711 0.0 -0.0265368707806 0.134267623808 0.0 -0.0897932086003 0.0383621782307 0.0 -0.0771419410364 -0.0383621782307 0.0 -0.114115304617 -0.0287716336731 0.0 -0.178982512688 -0.0287716336731 0.0 -0.318042660502 -0.0671338119038 0.0 -0.318042660502 -0.182220346596 0.0 -0.318048157046 -0.182220346596 0.0 -0.318048157046 -0.182220346596 0.0 -0.318048157046 0.00959054455769 0.0 -0.553013750438 0.00959054455769 0.0 -0.553013750438 0.00959054455769 0.0 -0.553013750438 0.143858168365 0.0 -0.318048157046 0.145969995232 0.0 -0.318047344197 0.145969995232 0.0 -0.318047344197 0.00575492547574 0.0 -0.318045578514
-> yaw 
3 48 0 0 3 53 0.0 0.0 0.0 1.0 2.0 3.0 4.0 5.0 6.0 7.0 8.0 9.0 10.0 11.0 12.0 13.0 14.0 15.0 16.0 17.0 18.0 19.0 20.0 21.0 22.0 23.0 24.0 25.0 26.0 27.0 28.0 29.0 30.0 31.0 32.0 33.0 34.0 35.0 36.0 37.0 38.0 39.0 40.0 41.0 42.0 43.0 44.0 45.0 46.0 47.0 48.0 48.0 48.0 51 0.0217667949605 -0.471728326428 0.513361149088 -0.466728489219 0.0236910912918 0.494493307083 -0.466728489219 0.0236910912918 0.494493307083 -0.466728489219 0.0236910912918 0.494493307083 -0.466728489219 0.0236910912918 0.494493307083 -0.225833838184 0.0212066860957 0.494335747224 -0.225833838184 0.0212066860957 0.494335747224 -0.225833838184 0.0212066860957 0.494335747224 -0.225065030417 0.0854737927271 0.491820329768 -0.223537792125 0.21440853616 0.461003992296 -0.221689246517 0.374350824884 0.344664302272 -0.220547693458 0.477883194132 0.17586590271 -0.220291487166 0.508862295989 -0.0196774768754 -0.220958110287 0.462699127978 -0.212201504534 -0.222447598763 0.346294298293 -0.372391552197 -0.224528626733 0.177750930587 -0.475874298793 -0.226110289579 0.0468026585392 -0.496518803302 -0.226879097347 -0.0174644480922 -0.494003385846 -0.226879097347 -0.0174644480922 -0.494003385846 -0.226879097347 -0.0174644480922 -0.494003385846 -0.468045726299 -0.0147697392547 -0.493853766979 -0.468045726299 -0.0147697392547 -0.493853766979 -0.468045726299 -0.0147697392547 -0.493853766979 0.0207317036823 -0.510394640434 -0.474978183336 0.0207317036823 -0.510394640434 -0.474978183336 0.0207317036823 -0.510394640434 -0.474978183336 0.521461347829 -0.0271928424684 -0.494414177698 0.521461347829 -0.0271928424684 -0.494414177698 0.521461347829 -0.0271928424684 -0.494414177698 0.521461347829 -0.0271928424684 -0.494414177698 0.273531320196 -0.0234622338606 -0.494297937975 0.273531320196 -0.0234622338606 -0.494297937975 0.273531320196 -0.0234622338606 -0.494297937975 0.273531320196 -0.0234622338606 -0.494297937975 0.274300127963 0.0408048727709 -0.496813355431 0.27588179081 0.171753144818 -0.476168850922 0.27796281878 0.340296512525 -0.372686104325 0.279452307256 0.45670134221 -0.212496056663 0.280118930377 0.50286451022 -0.0199720290042 0.279862724085 0.471885408364 0.175571350581 0.278721171026 0.368353039116 0.344369750143 0.276872625418 0.208410750391 0.460709440167 0.275345387126 0.0794760069588 0.491525777639 0.274576579358 0.0152089003274 0.494041195095 0.274576579358 0.0152089003274 0.494041195095 0.274576579358 0.0152089003274 0.494041195095 0.522176445799 0.0121582192834 0.493898700754 0.522176445799 0.0121582192834 0.493898700754 0.522176445799 0.0121582192834 0.493898700754 0.522176445799 0.0121582192834 0.493898700754 0.0217667949605 -0.471728326428 0.513361149088
